camera_matrix:
- - 687.7084133264314
  - 0.0
  - 435.87585657815976
- - 0.0
  - 688.8967461985196
  - 242.48218786961218
- - 0.0
  - 0.0
  - 1.0
dist_coeff:
- - 0.007576387773579617
  - -0.008347022259459137
  - 0.004030833288551814
  - -0.0005115698316792066
  - 0.0
height: 504
width: 896
