Timestamp,Milliseconds,Angle,Angular Velocity,Sensor 1,Sensor 2,Sensor 3
,,,,,,
42:31.3,269606,65.5573534,243.1598458,[15.27825928 14.79608822 -9.04582024],[14.2143774  13.85556889 -8.94717503],[ 14.80332661  14.37983608 -11.05957985]
,,,,,,
42:31.3,273604,65.52807897,7.322268787,[15.27797985 14.79633427 -9.04692173],[14.21429157 13.85560417 -8.94747639],[ 14.80343533  14.37948704 -11.05991459]
,,,,,,
42:31.3,277606,65.50676668,5.325409475,[15.28046513 14.79362297 -9.04854393],[14.21430588 13.8549509  -8.94959545],[ 14.80548954  14.37799835 -11.05984402]
,,,,,,
42:31.3,282606,65.57100961,12.84858527,[15.28084087 14.79411316 -9.04763985],[14.21311283 13.8542366  -8.95208931],[ 14.80498695  14.37959003 -11.05910492]
,,,,,,
42:31.3,286606,65.5962362,6.306649391,[15.28051186 14.7951088  -9.04633904],[14.21161079 13.85582066 -8.95237732],[ 14.8045702   14.38133144 -11.05738926]
,,,,,,
42:31.3,290605,65.61664718,5.104019963,[15.28249741 14.79250908 -9.04747963],[14.21578407 13.85297394 -8.95312119],[ 14.80294514  14.38238239 -11.05788898]
,,,,,,
42:31.3,294606,65.64170335,6.262476186,[15.28377151 14.7925024  -9.04448986],[14.21670532 13.85328102 -8.95125294],[ 14.80259895  14.38492489 -11.05515194]
,,,,,,
42:31.3,298605,65.59399188,11.93084884,[15.2881813  14.78873253 -9.04482746],[14.21748352 13.85254669 -8.95087147],[ 14.80269146  14.38568592 -11.05354977]
,,,,,,
42:31.3,302605,65.61598129,5.497352048,[15.2868576  14.79039955 -9.04561901],[14.21920681 13.85006237 -8.95113087],[ 14.80506802  14.38015938 -11.05464458]
,,,,,,
42:31.3,306605,65.65167944,8.924537413,[15.28659439 14.78962421 -9.04656029],[14.21623802 13.85141468 -8.95240021],[ 14.80796432  14.37401676 -11.0567894 ]
,,,,,,
42:31.3,311609,65.68602181,6.862984212,[15.28390408 14.79194832 -9.04580307],[14.21557999 13.85126305 -8.95214558],[ 14.80584812  14.37495327 -11.05710125]
,,,,,,
42:31.3,315608,65.56177636,31.06912966,[15.28548241 14.78871059 -9.04917145],[14.21393871 13.8532505  -8.95057106],[ 14.8049984   14.37298107 -11.05869484]
,,,,,,
42:31.3,319606,65.55000134,2.945228907,[15.28333759 14.7906065  -9.04900742],[14.21294117 13.85382748 -8.94968605],[ 14.80415821  14.37284851 -11.05880737]
,,,,,,
42:31.3,323606,65.60262921,13.15696831,[15.28300381 14.7912302  -9.04635811],[14.21441269 13.8532896  -8.94838047],[ 14.8044529   14.37305164 -11.05648804]
,,,,,,
42:31.3,327606,65.47979186,30.70933822,[15.28569794 14.78792858 -9.04673481],[14.21406078 13.85460472 -8.94542599],[ 14.80353165  14.37448597 -11.05400276]
,,,,,,
42:31.3,332606,65.67397528,38.83668391,[15.28472042 14.78948689 -9.04493332],[14.21428776 13.85037613 -8.95017147],[ 14.80437565  14.37177086 -11.05414581]
,,,,,,
42:31.3,336605,65.68295397,2.245233907,[15.28609562 14.78843117 -9.04345703],[14.21737194 13.84767151 -8.94760895],[ 14.80506802  14.36913681 -11.05285168]
,,,,,,
42:31.3,340607,65.71614261,8.293014052,[15.28509235 14.78914642 -9.04261398],[14.21844959 13.84861851 -8.94279385],[ 14.80265045  14.36527061 -11.05463982]
,,,,,,
42:31.3,344605,65.68822069,6.983970946,[15.28466892 14.78904152 -9.04164219],[14.22276211 13.8454504  -8.93868351],[ 14.80158997  14.3633337  -11.05347347]
,,,,,,
42:31.3,348606,65.76332757,18.77202663,[15.28587055 14.78727627 -9.04092789],[14.22217655 13.84459019 -8.93825912],[ 14.80070877  14.35978127 -11.05457306]
,,,,,,
42:31.4,352606,65.86518271,25.46378406,[15.28405094 14.78856373 -9.04032993],[14.22135067 13.84665585 -8.93423557],[ 14.79607201  14.35534191 -11.05884171]
,,,,,,
42:31.4,357607,65.92589319,12.13966794,[15.28408146 14.78806305 -9.03947258],[14.22145462 13.8441906  -8.93520069],[ 14.79346466  14.35482121 -11.05590153]
,,,,,,
42:31.4,361606,65.89023352,8.917146511,[15.28429317 14.78692341 -9.0402441 ],[14.22446346 13.84217262 -8.93238258],[ 14.79035282  14.35388947 -11.05551052]
,,,,,,
42:31.4,365607,65.78711731,25.77260809,[15.28757858 14.78434372 -9.03817177],[14.22659016 13.83875942 -8.9295969 ],[ 14.79293156  14.35265064 -11.04851627]
,,,,,,
42:31.4,369606,65.83057538,10.86723249,[15.28733635 14.78492832 -9.0357132 ],[14.22600651 13.83998013 -8.92615604],[ 14.79280853  14.34890747 -11.04653835]
,,,,,,
42:31.4,373605,66.28845104,114.4975411,[15.29370499 14.77962017 -9.03040028],[14.2280817  13.83377361 -8.93057442],[ 14.79080391  14.34219742 -11.04811764]
,,,,,,
42:31.4,377606,66.21210077,19.08279893,[15.29429054 14.7779932  -9.0323782 ],[14.23372173 13.8318634  -8.92358589],[ 14.78767204  14.33725643 -11.05150127]
,,,,,,
42:31.4,382607,66.13010859,16.39515636,[15.29634285 14.77379036 -9.0374403 ],[14.23262119 13.82999802 -8.92460918],[ 14.7826376   14.3355732  -11.05357265]
,,,,,,
42:31.4,386605,66.16737962,9.322418735,[15.29667473 14.77330971 -9.03510666],[14.23573208 13.82621288 -8.9195118 ],[ 14.78608131  14.32473278 -11.05350971]
,,,,,,
42:31.4,390606,66.30352722,34.0283937,[15.2988615  14.77229595 -9.03308487],[14.24186611 13.82278919 -8.91562843],[ 14.78158951  14.32191944 -11.05391884]
,,,,,,
42:31.4,394605,66.49086761,46.84680775,[15.29839325 14.77347851 -9.03064156],[14.24353123 13.82215881 -8.91381931],[ 14.78280067  14.31272888 -11.05434799]
,,,,,,
42:31.4,398606,66.68236341,47.86198574,[15.30143929 14.77147388 -9.02832127],[14.24651146 13.81429482 -8.92191601],[ 14.78426075  14.31312084 -11.04646778]
,,,,,,
42:31.4,402605,66.99988392,79.39997719,[15.31662941 14.75891018 -9.02161407],[14.24935722 13.8095417  -8.92028618],[ 14.78184986  14.30915928 -11.04696274]
,,,,,,
42:31.4,407609,66.85110869,29.73126118,[15.31027794 14.76259327 -9.02864552],[14.25539589 13.80492115 -8.9191618 ],[ 14.77929211  14.3039341  -11.04931164]
,,,,,,
42:31.4,411605,66.72083931,32.59994517,[15.31563854 14.7582016  -9.02746773],[14.2580719  13.80734348 -8.9060688 ],[ 14.78033829  14.29324818 -11.05010033]
,,,,,,
42:31.4,415606,66.73689179,4.01211848,[15.31743717 14.75786686 -9.02532864],[14.26440334 13.81061649 -8.89297867],[ 14.76839161  14.29567623 -11.05404472]
,,,,,,
42:31.4,419605,67.33861644,150.4687789,[15.31832504 14.75870419 -9.02035141],[14.26103306 13.80596924 -8.902215  ],[ 14.76356602  14.28970242 -11.05835247]
,,,,,,
42:31.4,423606,67.89834644,139.8975247,[15.32304096 14.75515079 -9.01818943],[14.26077557 13.80146694 -8.90822315],[ 14.75807476  14.27916431 -11.0679493 ]
,,,,,,
42:31.4,427606,67.72111038,44.30901545,[15.32197952 14.751894   -9.02501774],[14.26588154 13.79555416 -8.90606594],[ 14.75455379  14.27263546 -11.06951332]
,,,,,,
42:31.4,432606,67.63520574,17.18092673,[15.32691479 14.74719143 -9.02771378],[14.26712704 13.79697514 -8.90074348],[ 14.75759029  14.26064682 -11.07123184]
,,,,,,
42:31.4,436606,68.07573757,110.132958,[15.32887363 14.7459898  -9.02612305],[14.27106857 13.7912674  -8.90341854],[ 14.76059723  14.24203396 -11.0795536 ]
,,,,,,
42:31.4,440606,67.9922516,20.87149222,[15.33101177 14.74230003 -9.02935791],[14.27186108 13.7876606  -8.90524864],[ 14.75391865  14.24629593 -11.07620335]
,,,,,,
42:31.4,444606,68.28636802,73.52910285,[15.33609962 14.73735619 -9.03081417],[14.27411842 13.78618622 -8.90342426],[ 14.75207138  14.23003387 -11.08992863]
,,,,,,
42:31.4,448606,68.40749634,30.28208133,[15.33858204 14.7365036  -9.02827454],[14.27728653 13.78023529 -8.9064312 ],[ 14.74919415  14.233078   -11.08282948]
,,,,,,
42:31.5,452606,68.15748714,62.50230132,[15.33694172 14.73440361 -9.0366354 ],[14.27888966 13.77693653 -8.90586948],[ 14.74821281  14.22659302 -11.08423233]
,,,,,,
42:31.5,457606,68.3351852,35.53961194,[15.34260273 14.72976017 -9.03528595],[14.27977276 13.77649403 -8.90380192],[ 14.74622822  14.21967602 -11.08853149]
,,,,,,
42:31.5,461606,68.36911917,8.483492947,[15.34007359 14.73210621 -9.03746796],[14.28443432 13.77353096 -8.9027338 ],[ 14.74263382  14.21602726 -11.08938599]
,,,,,,
42:31.5,465606,69.03516254,166.5108438,[15.33817577 14.73628902 -9.03263187],[14.27510738 13.77463341 -8.90926075],[ 14.73723793  14.20280838 -11.09953213]
,,,,,,
42:31.5,469606,69.15329757,29.53375581,[15.3426218  14.73104668 -9.03079128],[14.27509785 13.77140236 -8.9113512 ],[ 14.74007511  14.19785118 -11.09850979]
,,,,,,
42:31.5,473607,69.23207904,19.69044486,[15.34312725 14.72853851 -9.03740025],[14.28189087 13.76628017 -8.90914726],[ 14.72996902  14.19021797 -11.1101799 ]
,,,,,,
42:31.5,477606,69.13107492,25.25734435,[15.34113026 14.73011398 -9.03723335],[14.28310966 13.7682848  -8.90262032],[ 14.73168373  14.1838665  -11.10887814]
,,,,,,
42:31.5,482606,69.14578265,2.941547404,[15.34266186 14.72716427 -9.03882408],[14.28694725 13.76456833 -8.90503597],[ 14.73073864  14.18361187 -11.10492706]
,,,,,,
42:31.5,486606,69.43969011,73.47686429,[15.34396648 14.7245512  -9.04129505],[14.28922462 13.75656414 -8.91082001],[ 14.72591114  14.17503262 -11.1131382 ]
,,,,,,
42:31.5,490609,69.87869189,109.668194,[15.34406948 14.72408199 -9.04155636],[14.29566765 13.74874973 -8.91106415],[ 14.7193346   14.16017818 -11.12778378]
,,,,,,
42:31.5,494606,69.82206778,14.16665336,[15.34484673 14.72118473 -9.04607773],[14.29492855 13.747159   -8.91193485],[ 14.72337532  14.1484375  -11.12946606]
,,,,,,
42:31.5,498606,69.9795142,39.36160618,[15.34628963 14.72067451 -9.04397774],[14.29440117 13.74732208 -8.9106226 ],[ 14.72434902  14.14055538 -11.13084507]
,,,,,,
42:31.5,502606,70.57695845,149.3610611,[15.34646702 14.72154617 -9.04079819],[14.2902317  13.74952316 -8.91583252],[ 14.71280289  14.13748169 -11.14239311]
,,,,,,
42:31.5,507608,70.7307573,30.74747107,[15.34932995 14.71886158 -9.04281521],[14.29334068 13.74433994 -8.91728401],[ 14.71074772  14.1289587  -11.14784527]
,,,,,,
42:31.5,511608,71.19176496,115.2519161,[15.35129261 14.71734428 -9.04017925],[14.29141617 13.74354362 -8.92150497],[ 14.70682907  14.12112617 -11.15724564]
,,,,,,
42:31.5,515606,71.36700584,43.8321369,[15.34941864 14.71812534 -9.03989124],[14.29397106 13.73875809 -8.92337799],[ 14.70217896  14.11884594 -11.1593399 ]
,,,,,,
42:31.5,519609,71.46119499,23.52963814,[15.34951115 14.71669769 -9.04380035],[14.28902054 13.73650646 -8.93239594],[ 14.70233536  14.11543846 -11.16021538]
,,,,,,
42:31.5,523605,71.35018708,27.7797551,[15.34775257 14.71595287 -9.04948711],[14.2901125  13.73710346 -8.93086815],[ 14.70240784  14.1082201  -11.16474915]
,,,,,,
42:31.5,527606,71.54727842,49.26051862,[15.34702396 14.7142334  -9.05431271],[14.29034615 13.73471355 -8.93241119],[ 14.69358063  14.09894466 -11.17540264]
,,,,,,
42:31.5,532608,71.53560505,2.333741282,[15.34713745 14.7109499  -9.06153774],[14.29082966 13.73384571 -8.93342304],[ 14.69083881  14.08947849 -11.18374825]
,,,,,,
42:31.5,536605,71.42109011,28.65022103,[15.34861851 14.70708275 -9.06978416],[14.28819656 13.73439312 -8.93686867],[ 14.68422222  14.08842182 -11.18353081]
,,,,,,
42:31.5,540606,71.56197731,35.21299526,[15.3421011  14.71566391 -9.06810093],[14.29030323 13.73110962 -8.9354248 ],[ 14.68541431  14.08124161 -11.18951511]
,,,,,,
42:31.5,544606,71.67639448,28.60429353,[15.34533596 14.71189976 -9.06525898],[14.29237366 13.72524452 -8.93850899],[ 14.68751049  14.0809412  -11.18641758]
,,,,,,
42:31.5,548608,71.99670829,80.03843386,[15.34741211 14.70862675 -9.06449032],[14.28858948 13.72800255 -8.94141102],[ 14.67915821  14.07864285 -11.19153118]
,,,,,,
42:31.6,552606,72.27155076,68.74498922,[15.34370804 14.71161652 -9.0663538 ],[14.28946018 13.72596455 -8.94110394],[ 14.67794895  14.06192589 -11.20569324]
,,,,,,
42:31.6,557607,72.32863468,11.41450207,[15.34564495 14.70706844 -9.07217121],[14.29172516 13.72052479 -8.94451809],[ 14.67098045  14.05844307 -11.21290684]
,,,,,,
42:31.6,561606,72.71706189,97.13108357,[15.34648895 14.70610142 -9.07122898],[14.29412079 13.71157455 -8.95318413],[ 14.67295742  14.04863453 -11.21650314]
,,,,,,
42:31.6,565606,72.63940965,19.4130602,[15.34711075 14.70496559 -9.07312107],[14.291852   13.71528244 -8.94828892],[ 14.66930199  14.04547405 -11.22225571]
,,,,,,
42:31.6,569606,73.0243371,96.23186281,[15.34939575 14.70361423 -9.07045937],[14.29574966 13.70966721 -8.95178318],[ 14.67263889  14.03265572 -11.22706795]
,,,,,,
42:31.6,573606,73.06005639,8.929823153,[15.34804726 14.70306015 -9.07225609],[14.29528522 13.71229076 -8.95017624],[ 14.66039371  14.03888226 -11.23187828]
,,,,,,
42:31.6,577606,73.18934597,32.32239556,[15.34496403 14.70455647 -9.07539463],[14.29277039 13.71138668 -8.95423794],[ 14.6603508   14.03013229 -11.23630428]
,,,,,,
42:31.6,582608,73.39243323,40.60121009,[15.33994961 14.70722675 -9.0783062 ],[14.29314423 13.71200848 -8.95414829],[ 14.65521145  14.0203104  -11.24790478]
,,,,,,
42:31.6,586606,73.49962643,26.8117069,[15.34052277 14.70678711 -9.07700634],[14.29209709 13.71249962 -8.95427704],[ 14.65141392  14.02145767 -11.25069714]
,,,,,,
42:31.6,590606,73.52653275,6.726580068,[15.3415556  14.70420551 -9.0803709 ],[14.29163837 13.71162128 -8.95465565],[ 14.65149212  14.01263332 -11.25595951]
,,,,,,
42:31.6,594606,73.68219395,38.91530101,[15.34179211 14.70274544 -9.08194733],[14.2834568  13.71416664 -8.96231556],[ 14.64886093  14.01249981 -11.25586414]
,,,,,,
42:31.6,598606,73.93215651,62.49063821,[15.34095478 14.70152569 -9.08599472],[14.28556252 13.70844936 -8.9667244 ],[ 14.64576244  14.00034428 -11.26709461]
,,,,,,
42:31.6,602606,73.83456221,24.39857337,[15.34395027 14.69862747 -9.08567238],[14.28602028 13.70763588 -8.96583176],[ 14.65565777  13.99298573 -11.26243877]
,,,,,,
42:31.6,606606,73.78304339,12.87970507,[15.34576511 14.6949091  -9.08947372],[14.28526783 13.70745277 -8.96501541],[ 14.64996719  13.99169064 -11.26795006]
,,,,,,
42:31.6,611606,73.74574244,7.460191548,[15.34298897 14.69842339 -9.09013939],[14.28923512 13.7032299  -8.96360493],[ 14.64227962  13.99818802 -11.26873016]
,,,,,,
42:31.6,615606,73.65861462,21.78195395,[15.33874035 14.70311546 -9.08764648],[14.28975487 13.70314789 -8.96319008],[ 14.64975262  13.9983387  -11.25840664]
,,,,,,
42:31.6,619606,74.08047965,105.4662583,[15.34304523 14.69823933 -9.08665276],[14.28924847 13.70275021 -8.96482754],[ 14.64012814  13.99199963 -11.27366734]
,,,,,,
42:31.6,623607,74.12082382,10.08352186,[15.34451294 14.69478703 -9.0901823 ],[14.29371262 13.69811058 -8.96528912],[ 14.63534355  13.98861885 -11.27945518]
,,,,,,
42:31.6,627607,74.43062874,77.45122988,[15.34208202 14.69800091 -9.09040928],[14.29269314 13.69342327 -8.97509289],[ 14.63722801  13.98350239 -11.28056431]
,,,,,,
42:31.6,632606,74.90980804,95.85502972,[15.34304523 14.69778538 -9.08863926],[14.29299927 13.68766975 -8.98407078],[ 14.62998199  13.98230553 -11.28733253]
,,,,,,
42:31.6,636606,74.53950849,92.57488565,[15.34315777 14.69562054 -9.09385109],[14.28931046 13.69089699 -8.97878933],[ 14.63442612  13.97613144 -11.28852463]
,,,,,,
42:31.6,640606,74.40211287,34.34890614,[15.3394928  14.69833565 -9.09644985],[14.28642178 13.69805717 -8.97531986],[ 14.63543987  13.97387505 -11.29044533]
,,,,,,
42:31.6,644606,74.87051566,117.1006984,[15.33897305 14.69866848 -9.09582806],[14.28181839 13.69510841 -8.98583031],[ 14.63156509  13.96858883 -11.29895496]
,,,,,,
42:31.6,648606,74.7318576,34.66451576,[15.33847332 14.69801044 -9.09720898],[14.28175163 13.69760609 -8.98422718],[ 14.63346958  13.96951389 -11.29625511]
,,,,,,
42:31.7,652606,75.01298102,70.28085453,[15.3406086  14.69691658 -9.09636593],[14.27839851 13.69830322 -8.98830318],[ 14.63117218  13.96475697 -11.30316639]
,,,,,,
42:31.7,657606,74.99185394,4.225416435,[15.33785534 14.69921112 -9.09790421],[14.27790546 13.69743824 -8.98925304],[ 14.62497807  13.97038269 -11.30538273]
,,,,,,
42:31.7,661606,74.84914763,35.67657689,[15.33502197 14.70041847 -9.10099602],[14.27708435 13.69722939 -8.98940659],[ 14.62322521  13.97279739 -11.30533123]
,,,,,,
42:31.7,665608,74.86897401,4.954119069,[15.33314705 14.70054913 -9.10290337],[14.27423668 13.69882488 -8.9926033 ],[ 14.62056637  13.97516632 -11.30577946]
,,,,,,
42:31.7,669607,74.86061359,2.09062943,[15.33337498 14.69886017 -9.10439205],[14.27452183 13.69806862 -8.99368668],[ 14.61895084  13.97592545 -11.30730629]
,,,,,,
42:31.7,673606,74.9927921,33.05289252,[15.33193111 14.69868374 -9.10606194],[14.27504158 13.69576073 -8.99699593],[ 14.61446667  13.97550106 -11.31302166]
,,,,,,
42:31.7,677606,74.85413683,34.66381825,[15.32686615 14.70150089 -9.1075716 ],[14.27336216 13.6961031  -8.9973526 ],[ 14.61390591  13.97989845 -11.31178761]
,,,,,,
42:31.7,682607,74.64932873,40.95342992,[15.32301903 14.70105267 -9.11152554],[14.27239895 13.6943388  -9.00166702],[ 14.61867046  13.98246956 -11.30604839]
,,,,,,
42:31.7,686606,74.30316864,86.56166197,[15.31738949 14.70071983 -9.12329102],[14.27371788 13.69249153 -9.00277805],[ 14.61794281  13.97913837 -11.3115406 ]
,,,,,,
42:31.7,690606,74.48378542,45.15419503,[15.31826782 14.69795418 -9.12142181],[14.26642132 13.6984663  -9.00762844],[ 14.61698532  13.98179722 -11.31179905]
,,,,,,
42:31.7,694607,74.49283637,2.262170809,[15.32083035 14.69674301 -9.12014484],[14.26511097 13.69727039 -9.01029491],[ 14.61577797  13.98842144 -11.3099556 ]
,,,,,,
42:31.7,698606,74.54559011,13.19173349,[15.31531715 14.70200539 -9.11791134],[14.26666069 13.69545746 -9.00965405],[ 14.61645317  13.9889822  -11.31143951]
,,,,,,
42:31.7,702606,74.5009768,11.15332718,[15.30779743 14.70737839 -9.11826038],[14.26101303 13.69981575 -9.0098362 ],[ 14.61548042  13.99138927 -11.31383896]
,,,,,,
42:31.7,707606,74.31947471,36.30041805,[15.30408192 14.70646763 -9.12428188],[14.24807072 13.70814037 -9.01697636],[ 14.61326027  13.9994173  -11.31312943]
,,,,,,
42:31.7,711606,74.27121607,12.06465967,[15.30350876 14.70577812 -9.12652874],[14.24788857 13.70573711 -9.01890564],[ 14.60732651  14.00621891 -11.3177824 ]
,,,,,,
42:31.7,715606,74.4090063,34.44755757,[15.30362988 14.70609951 -9.12217426],[14.24578667 13.70503426 -9.02251244],[ 14.6070652   14.01320457 -11.31705379]
,,,,,,
42:31.7,719605,74.28658443,30.61312032,[15.29850864 14.70798683 -9.12625885],[14.24139977 13.70569897 -9.02741528],[ 14.60969543  14.01453781 -11.31729984]
,,,,,,
42:31.7,723606,74.31939349,8.200213138,[15.29730034 14.70817757 -9.12809563],[14.2326622  13.71654606 -9.02924061],[ 14.60973358  14.01455593 -11.32310104]
,,,,,,
42:31.7,727606,74.20719659,28.04922421,[15.29246902 14.71223831 -9.12691307],[14.22988129 13.71784973 -9.02724361],[ 14.60561371  14.0236063  -11.32514095]
,,,,,,
42:31.7,732606,74.10069967,21.29938456,[15.28775406 14.7130127  -9.13200092],[14.23544979 13.71295643 -9.03058338],[ 14.60177803  14.03053093 -11.32806015]
,,,,,,
42:31.7,736606,73.77143719,82.31561924,[15.27988338 14.71497631 -9.14089584],[14.22925282 13.71355152 -9.04143524],[ 14.60872269  14.03649426 -11.32130909]
,,,,,,
42:31.7,740607,73.68466768,21.686955,[15.27110481 14.72214699 -9.14008522],[14.22387409 13.71415806 -9.0444088 ],[ 14.61388111  14.0395813  -11.32017517]
,,,,,,
42:31.7,744607,73.81710146,33.10844557,[15.2735281  14.71942139 -9.13616276],[14.2160387  13.72035313 -9.04803371],[ 14.61139011  14.04885197 -11.32097626]
,,,,,,
42:31.7,748606,73.70485896,28.06764243,[15.27159595 14.7202816  -9.13759995],[14.21751118 13.72124958 -9.04541683],[ 14.61268997  14.04945564 -11.3264904 ]
,,,,,,
42:31.8,752606,73.45924414,61.40370538,[15.26783562 14.72418976 -9.13405991],[14.21160316 13.730196   -9.04301357],[ 14.61601257  14.06365299 -11.31745052]
,,,,,,
42:31.8,757609,73.21850482,48.11899216,[15.26450253 14.72582054 -9.13465977],[14.21016598 13.73038673 -9.04230881],[ 14.61151123  14.07864285 -11.31690884]
,,,,,,
42:31.8,761607,72.9822996,59.08084676,[15.25941467 14.72879791 -9.13964653],[14.20753479 13.73175335 -9.0465517 ],[ 14.61431885  14.08507252 -11.31602192]
,,,,,,
42:31.8,765606,72.63238989,87.49930249,[15.25000477 14.73580456 -9.14249516],[14.1979084  13.74319363 -9.04806423],[ 14.62225056  14.09310913 -11.31048203]
,,,,,,
42:31.8,769606,71.92184758,177.6355763,[15.23519325 14.74314785 -9.15632153],[14.19370842 13.74441242 -9.0530386 ],[ 14.62212753  14.10856342 -11.30646706]
,,,,,,
42:31.8,773606,72.364724,110.7191054,[15.23733234 14.74009705 -9.15065384],[14.18733025 13.74564648 -9.06586742],[ 14.62000561  14.11920071 -11.30913162]
,,,,,,
42:31.8,777606,71.94465877,105.0163076,[15.24037552 14.73697376 -9.15031147],[14.18508148 13.74709415 -9.06734848],[ 14.63123131  14.13078022 -11.29640865]
,,,,,,
42:31.8,782606,72.14001141,39.07052656,[15.24150658 14.73858356 -9.14307785],[14.18823624 13.74595642 -9.06544018],[ 14.63085461  14.13737106 -11.30221367]
,,,,,,
42:31.8,786608,71.79917354,85.16688347,[15.23427105 14.74223423 -9.14746284],[14.17806435 13.75563717 -9.06838226],[ 14.62918472  14.15153217 -11.29645348]
,,,,,,
42:31.8,790607,71.75489388,11.0726817,[15.22911358 14.74621391 -9.14709663],[14.17214966 13.76240826 -9.06937695],[ 14.62537766  14.16231918 -11.29872227]
,,,,,,
42:31.8,794609,71.15806164,149.1334943,[15.23074055 14.7462759  -9.14551163],[14.17280674 13.76619339 -9.06685925],[ 14.63972759  14.18044472 -11.28393745]
,,,,,,
42:31.8,798606,70.9018148,64.10979352,[15.22696304 14.746768   -9.15148926],[14.16648865 13.77172375 -9.07268143],[ 14.64800072  14.18322659 -11.28480816]
,,,,,,
42:31.8,802607,70.81656847,21.30625518,[15.22909451 14.74552536 -9.14719486],[14.1649971  13.77290916 -9.07217693],[ 14.65077019  14.19369984 -11.28277206]
,,,,,,
42:31.8,807607,70.30270786,102.7721215,[15.2190609  14.75143909 -9.15220642],[14.1591301  13.78063869 -9.0700016 ],[ 14.65843582  14.20036793 -11.28065872]
,,,,,,
42:31.8,811605,69.73408803,142.2260703,[15.20707989 14.76031685 -9.1580019 ],[14.15280628 13.78494072 -9.07314014],[ 14.66056538  14.21910954 -11.27229404]
,,,,,,
42:31.8,815606,69.60035729,33.42432893,[15.20179558 14.76607704 -9.15454769],[14.14693737 13.79035759 -9.08026505],[ 14.65910816  14.24532509 -11.26043606]
,,,,,,
42:31.8,819606,69.69310433,23.18675853,[15.20091057 14.76785088 -9.15070534],[14.14116192 13.79881668 -9.08160686],[ 14.66145992  14.25212097 -11.2626133 ]
,,,,,,
42:31.8,823607,69.43290358,65.03392757,[15.19876957 14.77086449 -9.14851856],[14.13544464 13.80468464 -9.08261013],[ 14.67216873  14.25991344 -11.25487423]
,,,,,,
42:31.8,827606,69.26172676,42.8049057,[15.19254494 14.77394772 -9.15438557],[14.12459946 13.81419754 -9.08754635],[ 14.66877556  14.27017021 -11.26166058]
,,,,,,
42:31.8,832606,68.74641019,103.0633149,[15.19052792 14.77323818 -9.15728951],[14.11711311 13.82109833 -9.08622265],[ 14.6666069   14.29193401 -11.25886059]
,,,,,,
42:31.8,836606,68.13792289,152.1218252,[15.1889677  14.7738657  -9.16122532],[14.10052872 13.83692932 -9.09201908],[ 14.67872143  14.30788612 -11.24424934]
,,,,,,
42:31.8,840609,67.66733578,117.5586085,[15.1840601  14.77808666 -9.15927887],[14.11429787 13.82866955 -9.08968258],[ 14.69065571  14.32370472 -11.22930527]
,,,,,,
42:31.8,844606,67.64295189,6.100547288,[15.17989254 14.78536797 -9.15353966],[14.10456371 13.84047794 -9.08764648],[ 14.6925354   14.33542633 -11.23106194]
,,,,,,
42:31.8,848606,67.43779633,51.28889143,[15.17459679 14.78995991 -9.15135384],[14.10034752 13.84357262 -9.09157467],[ 14.70302486  14.34429646 -11.22346783]
,,,,,,
42:31.9,852606,66.97021802,116.8945766,[15.17164707 14.79147148 -9.15199566],[14.09621239 13.84250069 -9.09794521],[ 14.7120409   14.3620863  -11.21050358]
,,,,,,
42:31.9,857607,67.28895418,63.73448612,[15.16759396 14.79790115 -9.13972855],[14.08962059 13.85158062 -9.10007954],[ 14.70112801  14.39041328 -11.20924854]
,,,,,,
42:31.9,861608,66.91150694,94.338226,[15.1612854  14.80219841 -9.14516735],[14.09333801 13.84957314 -9.10213757],[ 14.7230587   14.38140965 -11.20814419]
,,,,,,
42:31.9,865606,66.27690077,158.7309087,[15.16070175 14.80341053 -9.14449501],[14.08697796 13.85968781 -9.0986042 ],[ 14.72727108  14.40474129 -11.19166756]
,,,,,,
42:31.9,869606,65.67759842,149.8255863,[15.15690708 14.80441666 -9.14446449],[14.08019161 13.87323856 -9.0915432 ],[ 14.7330904   14.42223454 -11.18230534]
,,,,,,
42:31.9,873608,65.52597106,37.88789715,[15.15232468 14.81246853 -9.13737011],[14.07283592 13.88537598 -9.08720493],[ 14.74321461  14.43053818 -11.17699718]
,,,,,,
42:31.9,877608,65.71022339,46.06308296,[15.15095425 14.81410027 -9.1341095 ],[14.0707016  13.88644028 -9.0947361 ],[ 14.73942947  14.44705105 -11.1800499 ]
,,,,,,
42:31.9,882608,64.93575393,154.8938925,[15.15192795 14.81135654 -9.13423729],[14.06821728 13.89542103 -9.08860207],[ 14.75048733  14.4667387  -11.16261959]
,,,,,,
42:31.9,886605,64.31084135,156.3454041,[15.1437521  14.81744385 -9.14145279],[14.06490421 13.90066338 -9.089468  ],[ 14.75838375  14.47829819 -11.1565237 ]
,,,,,,
42:31.9,890606,63.3931714,229.3601481,[15.14053345 14.82086086 -9.14035892],[14.05600643 13.91184235 -9.09013748],[ 14.7778616   14.50173187 -11.1285181 ]
,,,,,,
42:31.9,894608,63.95321929,139.9420029,[15.13543129 14.83337593 -9.12622356],[14.05254173 13.91356182 -9.09496021],[ 14.77714825  14.51189804 -11.12972641]
,,,,,,
42:31.9,898606,63.46366389,122.4500756,[15.13051319 14.83649826 -9.13121891],[14.05138206 13.92291927 -9.08747768],[ 14.77293587  14.52967548 -11.13111496]
,,,,,,
42:31.9,902607,63.12159775,85.49516006,[15.12835026 14.84004307 -9.12660313],[14.05007362 13.92841625 -9.08647346],[ 14.78954315  14.53739738 -11.11737061]
,,,,,,
42:31.9,907607,62.05986778,212.3459945,[15.12356377 14.84379673 -9.13286686],[14.04042435 13.94214821 -9.08311367],[ 14.79954815  14.56035995 -11.09751892]
,,,,,,
42:31.9,911606,62.36523582,76.36110062,[15.12131786 14.84719467 -9.1286726 ],[14.03089619 13.94256496 -9.10048389],[ 14.80201244  14.57152748 -11.09668732]
,,,,,,
42:31.9,915606,61.99407813,92.78942409,[15.12096405 14.85221291 -9.11781979],[14.02762508 13.9480896  -9.0972681 ],[ 14.8153038   14.58996201 -11.07633781]
,,,,,,
42:31.9,919607,62.28784006,73.42212879,[15.11614895 14.85967636 -9.11346149],[14.02704525 13.9526844  -9.09938335],[ 14.81376457  14.59571075 -11.08118916]
,,,,,,
42:31.9,923606,61.62826379,164.9353028,[15.11393356 14.86160851 -9.11265373],[14.02817249 13.95742989 -9.09239101],[ 14.82415485  14.61018944 -11.06557846]
,,,,,,
42:31.9,927606,61.21036559,104.4745504,[15.10992527 14.86570358 -9.11328125],[14.02632141 13.96201515 -9.08891869],[ 14.83402348  14.6158123  -11.05953407]
,,,,,,
42:31.9,932607,61.45694105,49.30523166,[15.11081219 14.87076378 -9.0979166 ],[14.02250481 13.96662426 -9.09054947],[ 14.83582497  14.63661766 -11.05207729]
,,,,,,
42:31.9,936605,60.79578112,165.372669,[15.11109638 14.87045574 -9.09895992],[14.01810932 13.96941185 -9.09430695],[ 14.83603477  14.66666889 -11.0316534 ]
,,,,,,
42:31.9,940607,60.6248243,42.71784498,[15.1016016  14.87969875 -9.0934639 ],[14.01033974 13.97815895 -9.09454155],[ 14.85248184  14.66563511 -11.02234364]
,,,,,,
42:31.9,944606,60.88549447,65.18383752,[15.10004807 14.88524246 -9.08852482],[14.01821232 13.97517014 -9.09451103],[ 14.84816551  14.67707157 -11.02693081]
,,,,,,
42:31.9,948607,60.23894041,161.598116,[15.0928669  14.89245319 -9.08629894],[14.01647568 13.98911381 -9.0766201 ],[ 14.85138988  14.69052219 -11.01449013]
,,,,,,
42:32.0,952607,59.69913224,134.9520419,[15.09251881 14.89148617 -9.09230995],[14.01042175 13.99364662 -9.07793045],[ 14.85521984  14.70100307 -11.00845432]
,,,,,,
42:32.0,957608,59.38762276,62.28943774,[15.08820248 14.89670372 -9.08897972],[14.00885296 14.00052357 -9.07316113],[ 14.86112881  14.71212101 -10.99884129]
,,,,,,
42:32.0,961605,59.38841154,0.197342773,[15.08971882 14.89838505 -9.08121872],[14.00801754 14.00000095 -9.07559967],[ 14.86800671  14.71856213 -10.98705959]
,,,,,,
42:32.0,965606,59.14730091,60.26259265,[15.08602619 14.90100288 -9.0835762 ],[14.00983334 14.0012722  -9.0737381 ],[ 14.86263561  14.73324299 -10.98519707]
,,,,,,
42:32.0,969606,59.20467475,14.3434595,[15.08701134 14.90463543 -9.07919312],[14.00505733 14.00649071 -9.07808876],[ 14.86984539  14.73799801 -10.98181534]
,,,,,,
42:32.0,973606,58.85422742,87.61183095,[15.0849514  14.90932274 -9.07566929],[14.00558186 14.00908375 -9.07447243],[ 14.87608528  14.74922943 -10.96873283]
,,,,,,
42:32.0,977606,58.95178502,24.38940039,[15.08489895 14.91109848 -9.06915951],[14.00112915 14.01513577 -9.07194805],[ 14.87383366  14.75733376 -10.9662056 ]
,,,,,,
42:32.0,982606,58.44986489,100.3840269,[15.09041786 14.90627575 -9.06957054],[14.00498009 14.01629639 -9.06649876],[ 14.88443565  14.76213551 -10.95344448]
,,,,,,
42:32.0,986606,58.13527442,78.64761737,[15.09166813 14.90652847 -9.06761837],[14.00443363 14.01820755 -9.06403923],[ 14.89003563  14.77256298 -10.94571686]
,,,,,,
42:32.0,990606,58.20071702,16.36065027,[15.08925533 14.91163921 -9.06017399],[14.00741577 14.01877403 -9.05975723],[ 14.88904953  14.78069115 -10.93973446]
,,,,,,
42:32.0,994606,58.43503389,58.57921664,[15.08902073 14.912117   -9.05909157],[14.00841045 14.02317238 -9.05552292],[ 14.88897896  14.77530384 -10.950881  ]
,,,,,,
42:32.0,998608,58.73022346,73.7605131,[15.09037876 14.91382504 -9.05357838],[14.00635338 14.02051449 -9.06146812],[ 14.89377213  14.77109432 -10.95112705]
,,,,,,
42:32.0,2607,58.60367074,0.127060834,[15.09643078 14.90974331 -9.05284405],[14.00487804 14.02406025 -9.06162739],[ 14.89869976  14.77429008 -10.94671249]
,,,,,,
42:32.0,7606,58.27761568,65.22405748,[15.0888443  14.91779423 -9.05279446],[14.0050602  14.0259037  -9.05944633],[ 14.89501095  14.79036427 -10.93683147]
,,,,,,
42:32.0,11606,58.00343858,68.54427487,[15.08284473 14.92509937 -9.05422592],[14.00722027 14.02758026 -9.0551033 ],[ 14.90012646  14.79173088 -10.93332195]
,,,,,,
42:32.0,15607,57.78851247,53.7180981,[15.08674049 14.9216013  -9.0569849 ],[14.00715065 14.02725315 -9.05484581],[ 14.89771366  14.79820061 -10.93022156]
,,,,,,
42:32.0,19607,58.14798947,89.86925037,[15.09232044 14.91945171 -9.05216408],[14.00516033 14.03003788 -9.05605888],[ 14.89520359  14.79789543 -10.9355526 ]
,,,,,,
42:32.0,23605,57.75661287,97.89309653,[15.09320354 14.91918087 -9.054842  ],[14.00890636 14.0333519  -9.04829693],[ 14.90040779  14.79859161 -10.92952347]
,,,,,,
42:32.0,27609,57.75859233,0.494371359,[15.09249496 14.92264938 -9.05191708],[14.01067448 14.03432941 -9.04714108],[ 14.90544987  14.79870319 -10.9265852 ]
,,,,,,
42:32.0,32606,57.70554416,10.61600397,[15.09353638 14.92353439 -9.05267239],[14.02058601 14.02895832 -9.0421629 ],[ 14.90646267  14.79539871 -10.92636013]
,,,,,,
42:32.0,36608,57.93990536,58.56101937,[15.09585285 14.92541504 -9.04922104],[14.01932907 14.03232765 -9.04313374],[ 14.90454674  14.79605961 -10.92749119]
,,,,,,
42:32.0,40606,57.9635134,5.904962127,[15.09362125 14.92929554 -9.04785252],[14.02523136 14.02821445 -9.04203987],[ 14.90255737  14.79970455 -10.9258709 ]
,,,,,,
42:32.0,44606,58.11079525,36.82046132,[15.09393311 14.93066311 -9.04753494],[14.02607632 14.02836514 -9.04457474],[ 14.90153694  14.79884529 -10.92732334]
,,,,,,
42:32.0,48608,58.0001882,27.63794364,[15.09830284 14.92771339 -9.04983997],[14.02675629 14.02873802 -9.04463577],[ 14.89968777  14.80181503 -10.92531681]
,,,,,,
42:32.1,52606,57.9919196,2.068182649,[15.10213852 14.92527771 -9.04972172],[14.0279026  14.02908993 -9.04156113],[ 14.89863205  14.80166245 -10.92704868]
,,,,,,
42:32.1,57608,57.7801548,42.33602662,[15.10387802 14.92356777 -9.0540266 ],[14.03130627 14.03053188 -9.03754997],[ 14.89821815  14.80132198 -10.92593479]
,,,,,,
42:32.1,61605,58.03343513,63.36760827,[15.10561085 14.92409039 -9.0529747 ],[14.03435707 14.02922535 -9.03715038],[ 14.89517498  14.79714108 -10.93177223]
,,,,,,
42:32.1,65606,58.03128424,0.537586529,[15.10793591 14.92254353 -9.05677319],[14.04013443 14.02695847 -9.03503895],[ 14.89539242  14.79051685 -10.93623924]
,,,,,,
42:32.1,69606,58.07797602,11.67294404,[15.11159515 14.92161942 -9.05885792],[14.05014324 14.02118397 -9.03404427],[ 14.89361191  14.78918171 -10.9383955 ]
,,,,,,
42:32.1,73606,58.27391699,48.98524265,[15.11266613 14.9233017  -9.06000423],[14.04903984 14.02446938 -9.03004169],[ 14.8869791   14.78232002 -10.94710445]
,,,,,,
42:32.1,77607,58.84877509,143.6786045,[15.11300373 14.9269352  -9.05780125],[14.05529881 14.02115726 -9.02862167],[ 14.88670349  14.76225471 -10.96102524]
,,,,,,
42:32.1,82607,59.03136313,36.51760813,[15.11678123 14.92427063 -9.06063366],[14.05560112 14.0176506  -9.03322697],[ 14.88272285  14.7570591  -10.96633911]
,,,,,,
42:32.1,86606,59.21043214,44.77844792,[15.12110233 14.92433548 -9.0601387 ],[14.06232643 14.0130434  -9.03164005],[ 14.87805367  14.75534344 -10.97048473]
,,,,,,
42:32.1,90606,59.51334817,75.72900692,[15.12199211 14.92428875 -9.06243801],[14.06009293 14.0142746  -9.03627682],[ 14.87614822  14.74520111 -10.97873402]
,,,,,,
42:32.1,94607,59.72147501,52.01870496,[15.12661934 14.92121315 -9.07064056],[14.06472588 14.01002121 -9.03706169],[ 14.86354923  14.73721027 -10.99249649]
,,,,,,
42:32.1,98607,60.15213448,107.6648692,[15.13610077 14.913908   -9.07139587],[14.06903744 14.00625038 -9.03986454],[ 14.85768986  14.72795105 -11.0022974 ]
,,,,,,
42:32.1,102606,60.53343262,95.34837077,[15.14143848 14.91210842 -9.06839275],[14.07279682 14.00183868 -9.0437355 ],[ 14.85111523  14.72775555 -11.00457668]
,,,,,,
42:32.1,107605,60.76351842,46.02636591,[15.1392231  14.91613007 -9.07096481],[14.07966518 13.99670982 -9.04226494],[ 14.84817505  14.71441841 -11.01283741]
,,,,,,
42:32.1,111606,60.66836587,23.78219302,[15.14221859 14.91270161 -9.07557106],[14.08264065 13.99814606 -9.03372955],[ 14.84046936  14.70948029 -11.0180006 ]
,,,,,,
42:32.1,115607,60.95690055,72.11564256,[15.14671707 14.90905094 -9.07731724],[14.07801914 14.00115585 -9.03447342],[ 14.83277321  14.70103073 -11.02689075]
,,,,,,
42:32.1,119607,60.87127921,21.40533576,[15.15149975 14.90751266 -9.0786438 ],[14.0800705  13.99806213 -9.03526497],[ 14.84056568  14.69173813 -11.02276421]
,,,,,,
42:32.1,123605,61.34126799,117.5559739,[15.14905834 14.91037178 -9.07953835],[14.08347607 13.9966507  -9.03364658],[ 14.83314419  14.67625713 -11.03702164]
,,,,,,
42:32.1,127606,61.50597945,41.16757287,[15.15396404 14.90693951 -9.08189297],[14.08633518 13.99124241 -9.03520584],[ 14.82782459  14.66988468 -11.04177475]
,,,,,,
42:32.1,131606,61.74261714,59.1594224,[15.15916061 14.9024868  -9.08765125],[14.09175873 13.98707104 -9.03633022],[ 14.81998444  14.65835094 -11.05040359]
,,,,,,
42:32.1,136606,62.36837074,125.1507192,[15.17076206 14.89434242 -9.08852196],[14.09571552 13.98310471 -9.03894234],[ 14.81123543  14.64297199 -11.06671619]
,,,,,,
42:32.1,140607,62.57369213,51.31751797,[15.17243862 14.89223576 -9.09419155],[14.10062599 13.98020458 -9.03517628],[ 14.80029583  14.62913227 -11.07697392]
,,,,,,
42:32.1,144606,62.51527382,14.60822778,[15.16760445 14.8927412  -9.10542488],[14.09748554 13.97914791 -9.03996277],[ 14.79567242  14.61790085 -11.08446312]
,,,,,,
42:32.1,148606,62.98659855,117.8311804,[15.17068577 14.88914394 -9.10873413],[14.10361099 13.97298813 -9.03890896],[ 14.78453445  14.60102749 -11.10126686]
,,,,,,
42:32.2,152607,62.91799693,17.14611681,[15.16889668 14.891716   -9.11282825],[14.10846329 13.97008705 -9.03500748],[ 14.77616215  14.598773   -11.10140896]
,,,,,,
42:32.2,157606,63.87722439,191.8838678,[15.17447472 14.88768005 -9.11192703],[14.116189   13.9593668  -9.04141808],[ 14.76353359  14.57858372 -11.12359333]
,,,,,,
42:32.2,161606,64.15755938,70.08374703,[15.18204689 14.88288307 -9.10904121],[14.12140846 13.95901966 -9.03349781],[ 14.75795746  14.56704903 -11.12820148]
,,,,,,
42:32.2,165606,64.46838528,77.7064772,[15.18318939 14.88066769 -9.11489391],[14.12647152 13.95350933 -9.03512287],[ 14.74935913  14.55203724 -11.14049435]
,,,,,,
42:32.2,169606,64.8282041,89.95470285,[15.18518639 14.87786961 -9.11886311],[14.12672329 13.94661999 -9.04206371],[ 14.74866295  14.53233624 -11.1494627 ]
,,,,,,
42:32.2,173606,65.42032532,148.0303049,[15.19029427 14.87530708 -9.11862183],[14.13750935 13.93230629 -9.04697609],[ 14.73935509  14.51923847 -11.15960217]
,,,,,,
42:32.2,177606,65.7486576,82.08307031,[15.19691849 14.87181854 -9.11834049],[14.13514042 13.93515968 -9.04390144],[ 14.72757053  14.51296329 -11.16969967]
,,,,,,
42:32.2,182607,65.99306171,48.87104774,[15.19647408 14.87309361 -9.1206665 ],[14.13480663 13.93305779 -9.04451561],[ 14.7228756   14.49693489 -11.17243385]
,,,,,,
42:32.2,186609,66.57982607,146.6177832,[15.20336533 14.86872292 -9.12011719],[14.14221382 13.93050671 -9.03802776],[ 14.7146759   14.47392845 -11.19298458]
,,,,,,
42:32.2,190606,66.9787231,99.79910614,[15.20297527 14.86679554 -9.12636089],[14.14375019 13.92617035 -9.04332066],[ 14.70475483  14.45713043 -11.20336151]
,,,,,,
42:32.2,194607,67.08929244,27.6354245,[15.20545197 14.86191845 -9.13399982],[14.14865303 13.92221642 -9.04025269],[ 14.69882488  14.43745327 -11.21394539]
,,,,,,
42:32.2,198607,67.3383816,62.27228995,[15.21043396 14.85634041 -9.13797283],[14.15127373 13.9128809  -9.04732704],[ 14.69518948  14.42562675 -11.21660709]
,,,,,,
42:32.2,202606,68.06218101,180.9951018,[15.21570683 14.85692501 -9.12899208],[14.15705204 13.90923405 -9.04448605],[ 14.69035053  14.40954304 -11.22494316]
,,,,,,
42:32.2,207607,68.68093695,123.7264436,[15.21712971 14.85473442 -9.13225079],[14.15576172 13.9034996  -9.05100632],[ 14.67893028  14.38924408 -11.24042797]
,,,,,,
42:32.2,211606,68.42924228,62.93940231,[15.2198534  14.85029221 -9.14152336],[14.16243172 13.90021229 -9.04485703],[ 14.6695385   14.38472843 -11.24393559]
,,,,,,
42:32.2,215606,68.96966574,135.1058652,[15.22792149 14.84267235 -9.14654446],[14.16636467 13.89573669 -9.04419899],[ 14.65504456  14.3624754  -11.26483059]
,,,,,,
42:32.2,219606,69.7068905,184.3061886,[15.23720741 14.8344326  -9.1489315 ],[14.1742382  13.88359737 -9.05255508],[ 14.63979053  14.34869862 -11.28082466]
,,,,,,
42:32.2,223607,69.77642183,17.37848839,[15.23363113 14.83545876 -9.1541996 ],[14.17584705 13.87809658 -9.05620003],[ 14.64197731  14.33246517 -11.28141689]
,,,,,,
42:32.2,227606,70.11384367,84.37655361,[15.23376083 14.83479118 -9.159729  ],[14.18203449 13.86907864 -9.05836296],[ 14.63435555  14.31418705 -11.29572487]
,,,,,,
42:32.2,232607,70.92972407,163.1434522,[15.24116611 14.82983208 -9.15494347],[14.18490314 13.86796665 -9.05448914],[ 14.61497211  14.29833031 -11.31480408]
,,,,,,
42:32.2,236606,71.03346769,25.94239111,[15.24220753 14.83012867 -9.16047478],[14.17695045 13.87211418 -9.0586338 ],[ 14.60692787  14.29290962 -11.3174181 ]
,,,,,,
42:32.2,240607,71.50775012,118.540972,[15.23523617 14.83620167 -9.16197109],[14.18278027 13.86279488 -9.0630827 ],[ 14.60506153  14.27087307 -11.32563591]
,,,,,,
42:32.2,244606,71.62014868,28.10666537,[15.24044418 14.82969093 -9.16876125],[14.19167614 13.85207844 -9.06527328],[ 14.59823132  14.26030827 -11.33190346]
,,,,,,
42:32.2,248607,71.97926008,89.75541065,[15.2443924  14.82769775 -9.1686964 ],[14.19201851 13.84921455 -9.06682777],[ 14.5915947   14.24893665 -11.33781719]
,,,,,,
42:32.3,252607,72.3891466,102.4716317,[15.24618912 14.82632732 -9.16999054],[14.19324398 13.84480381 -9.07041454],[ 14.5887928   14.23183155 -11.3478241 ]
,,,,,,
42:32.3,257605,72.70477715,63.15137028,[15.25445747 14.81672192 -9.17453289],[14.19335461 13.83945274 -9.07555199],[ 14.58790684  14.21125603 -11.35631943]
,,,,,,
42:32.3,261609,73.45153945,186.5040704,[15.25457478 14.8176136  -9.17257118],[14.19322872 13.83515835 -9.07951069],[ 14.5754528   14.19413567 -11.37506008]
,,,,,,
42:32.3,265606,73.85285238,100.4035359,[15.25629044 14.81554794 -9.17611885],[14.19573116 13.83002853 -9.08114529],[ 14.56901169  14.17303848 -11.38799572]
,,,,,,
42:32.3,269606,74.35646691,125.9036306,[15.25769711 14.81440639 -9.17789745],[14.1959362  13.82055569 -9.09281921],[ 14.56554985  14.15946579 -11.39350796]
,,,,,,
42:32.3,273607,74.25494395,25.37439583,[15.26118469 14.80948353 -9.18421268],[14.2133646  13.8083334  -9.08671951],[ 14.56501961  14.14545155 -11.39910412]
,,,,,,
42:32.3,277606,74.80869564,138.4725402,[15.26178074 14.80914402 -9.18566227],[14.19959354 13.818923   -9.09048557],[ 14.54617214  14.13766479 -11.41697216]
,,,,,,
42:32.3,282607,75.16558688,71.36397639,[15.26678753 14.80368423 -9.19100189],[14.2018652  13.81226921 -9.09602833],[ 14.53779602  14.12272263 -11.42754555]
,,,,,,
42:32.3,286606,75.70409792,134.6614259,[15.26588917 14.804883   -9.1901207 ],[14.20487785 13.80533791 -9.09883213],[ 14.53232384  14.10351276 -11.43950176]
,,,,,,
42:32.3,290608,75.45492177,62.26290647,[15.27382278 14.79328728 -9.20101547],[14.20333767 13.80483246 -9.09941959],[ 14.52871895  14.09607887 -11.44240189]
,,,,,,
42:32.3,294606,75.81667331,90.48312674,[15.26273346 14.80367947 -9.19665813],[14.21052456 13.79933071 -9.09857655],[ 14.52409077  14.08930779 -11.44242573]
,,,,,,
42:32.3,298606,76.31794697,125.3184134,[15.26591015 14.80192757 -9.19506359],[14.20894527 13.79447365 -9.10521984],[ 14.51595783  14.08154678 -11.45026588]
,,,,,,
42:32.3,302606,76.57470266,64.18892453,[15.26778412 14.798666   -9.19778919],[14.20775986 13.79386425 -9.10642147],[ 14.51256561  14.06616783 -11.46039867]
,,,,,,
42:32.3,307606,76.87918333,60.89613386,[15.2695055 14.7948904 -9.2024641],[14.20398903 13.79389286 -9.11065578],[ 14.50565624  14.05195141 -11.47331905]
,,,,,,
42:32.3,311606,76.83844195,10.18534576,[15.26280785 14.79719257 -9.21229172],[14.20608234 13.78634548 -9.11392117],[ 14.49871063  14.04306793 -11.4854002 ]
,,,,,,
42:32.3,315606,77.22517742,96.6838682,[15.26522636 14.79556465 -9.21156788],[14.20863628 13.77971649 -9.11797142],[ 14.50025749  14.02611542 -11.49082851]
,,,,,,
42:32.3,319606,77.72517374,124.9990796,[15.26339531 14.79962444 -9.2081461 ],[14.20867252 13.77911282 -9.11947155],[ 14.4878521   14.02118206 -11.49798203]
,,,,,,
42:32.3,323608,77.97430219,62.25098661,[15.26442146 14.79560757 -9.21090508],[14.21035862 13.77185535 -9.12712669],[ 14.48715496  14.01194668 -11.50043011]
,,,,,,
42:32.3,327606,78.29318707,79.76109941,[15.26053143 14.79856491 -9.20922184],[14.21088219 13.76430511 -9.1285162 ],[ 14.47710705  14.00625515 -11.51310635]
,,,,,,
42:32.3,331606,78.125641,41.88651724,[15.26090431 14.79609871 -9.21061039],[14.21383095 13.76647282 -9.12096596],[ 14.48014355  13.99842072 -11.51352501]
,,,,,,
42:32.3,336120,78.48351141,79.28010847,[15.26331043 14.79061127 -9.21564388],[14.20547295 13.76748371 -9.12991428],[ 14.4654932   13.99484444 -11.52889919]
,,,,,,
42:32.3,340120,78.96790116,121.0974382,[15.26296711 14.79064369 -9.21474838],[14.20477104 13.76322174 -9.13433552],[ 14.46320534  13.97712994 -11.54068089]
,,,,,,
42:32.3,345121,78.8123621,31.10159078,[15.26075649 14.79028034 -9.21655846],[14.20739746 13.760499   -9.13329124],[ 14.46819496  13.97367573 -11.53477573]
,,,,,,
42:32.3,349120,78.95114108,34.70341853,[15.25978374 14.78819656 -9.22099018],[14.20258331 13.75859737 -9.13937855],[ 14.46401787  13.96706772 -11.54207611]
,,,,,,
42:32.4,353120,79.1282561,44.27875701,[15.25883579 14.7867012  -9.22256947],[14.19883442 13.75419044 -9.14855576],[ 14.45985794  13.96882534 -11.54185009]
,,,,,,
42:32.4,357121,79.44396701,78.90799941,[15.25782394 14.78682613 -9.22099876],[14.19709873 13.75028229 -9.15188122],[ 14.45940399  13.95687103 -11.54780865]
,,,,,,
42:32.4,361120,79.23704425,51.74362613,[15.25553799 14.78496265 -9.22657871],[14.19685936 13.75007343 -9.15012169],[ 14.45877552  13.9528017  -11.54945469]
,,,,,,
42:32.4,365121,78.98136351,63.90420903,[15.25204754 14.78682137 -9.22503757],[14.19361401 13.75708961 -9.14407158],[ 14.46385574  13.95526886 -11.54131794]
,,,,,,
42:32.4,369120,78.81891852,40.62140259,[15.24594021 14.78553772 -9.23364735],[14.19305134 13.75242996 -9.14882374],[ 14.46771622  13.94641781 -11.54301167]
,,,,,,
42:32.4,374121,78.93682917,23.57741523,[15.24711895 14.78451729 -9.23199368],[14.19246483 13.75181103 -9.14725304],[ 14.46496105  13.94232082 -11.54775429]
,,,,,,
42:32.4,378121,79.41629377,119.866149,[15.24201679 14.78910255 -9.22984982],[14.18588448 13.75053978 -9.15582466],[ 14.46100426  13.9352541  -11.55634117]
,,,,,,
42:32.4,382120,79.68618286,67.48914544,[15.24074936 14.78853798 -9.22845936],[14.18901157 13.74567127 -9.15909958],[ 14.45523453  13.93480682 -11.56273556]
,,,,,,
42:32.4,386120,79.16459606,130.3966994,[15.2397089  14.78438473 -9.23577595],[14.18555164 13.74870777 -9.15634441],[ 14.45497322  13.94169998 -11.55883598]
,,,,,,
42:32.4,390120,78.97522362,47.34311076,[15.23855782 14.77892399 -9.24445534],[14.18587017 13.74454212 -9.16034317],[ 14.45381927  13.93914032 -11.56211185]
,,,,,,
42:32.4,395120,79.06051514,17.05830343,[15.23710155 14.77904129 -9.24245453],[14.18667507 13.74052715 -9.16303635],[ 14.45777321  13.93742657 -11.56095695]
,,,,,,
42:32.4,399121,79.13440482,18.46780278,[15.23249531 14.78136921 -9.24193478],[14.18612385 13.73945427 -9.16355896],[ 14.45550632  13.93694973 -11.56510925]
,,,,,,
42:32.4,403120,79.20401626,17.40721326,[15.2336359  14.7779665  -9.24121761],[14.18454456 13.73477936 -9.16764259],[ 14.45525074  13.93759918 -11.56593037]
,,,,,,
42:32.4,407120,79.06189227,35.53099671,[15.2308712  14.77733135 -9.24225044],[14.17943096 13.73719788 -9.16843987],[ 14.45550442  13.94168186 -11.56292248]
,,,,,,
42:32.4,411121,78.72562734,84.04522334,[15.22912502 14.77484131 -9.24394798],[14.17997551 13.73928642 -9.16175175],[ 14.45636749  13.94434929 -11.56051064]
,,,,,,
42:32.4,415119,79.22801887,125.6607131,[15.22670364 14.77702427 -9.23750305],[14.17479992 13.73681259 -9.1715765 ],[ 14.45156002  13.94851494 -11.56364536]
,,,,,,
42:32.4,420120,78.98817063,47.96005595,[15.22333813 14.77681541 -9.24025345],[14.17324066 13.73647213 -9.17113972],[ 14.45503712  13.94969273 -11.56123829]
,,,,,,
42:32.4,424121,78.89910214,22.26155674,[15.22150898 14.7762928  -9.23931122],[14.16943932 13.73786831 -9.1714716 ],[ 14.45705509  13.95306873 -11.55961704]
,,,,,,
42:32.4,428121,78.53884992,90.06305387,[15.21295738 14.77693367 -9.24668026],[14.16764641 13.73631382 -9.17301941],[ 14.46082401  13.9534502  -11.55840302]
,,,,,,
42:32.4,432120,78.46805007,17.70439034,[15.21659279 14.7703619  -9.24545765],[14.16271687 13.73750687 -9.17485237],[ 14.46511555  13.955369   -11.55615902]
,,,,,,
42:32.4,436120,78.24317349,56.21914381,[15.21553516 14.76821804 -9.24584866],[14.16083145 13.73896599 -9.17285538],[ 14.47081184  13.95671177 -11.55390739]
,,,,,,
42:32.4,440123,78.20574789,9.349387742,[15.21329975 14.76729298 -9.24658394],[14.15397263 13.73635674 -9.18066502],[ 14.47214413  13.96273708 -11.55161762]
,,,,,,
42:32.4,445120,77.79354815,82.4894429,[15.21445179 14.76365757 -9.24714661],[14.15799141 13.73186111 -9.17808151],[ 14.47579288  13.97476387 -11.54298973]
,,,,,,
42:32.4,449120,77.54785166,61.42412121,[15.21141911 14.76516914 -9.24372673],[14.15211487 13.73758316 -9.1772747 ],[ 14.48507023  13.98336315 -11.53261852]
,,,,,,
42:32.5,453122,77.55570326,1.961919046,[15.20768166 14.7659502  -9.24343014],[14.15081787 13.73734188 -9.17883968],[ 14.47854233  13.99268532 -11.53548431]
,,,,,,
42:32.5,457120,77.20688903,87.24718194,[15.20405579 14.76539516 -9.24548912],[14.14968491 13.73899841 -9.17719173],[ 14.4887743   13.99318314 -11.5273428 ]
,,,,,,
42:32.5,461121,77.16850815,9.592821831,[15.19981956 14.76669884 -9.24466419],[14.14874172 13.73835087 -9.17832851],[ 14.49067783  13.99665451 -11.52846432]
,,,,,,
42:32.5,465120,76.91571519,63.21404298,[15.19597626 14.76754951 -9.24450779],[14.1494236  13.73945427 -9.17448425],[ 14.49242496  14.00358772 -11.52668095]
,,,,,,
42:32.5,470121,76.69420513,44.29315393,[15.19791412 14.76218605 -9.24487877],[14.14440536 13.7445879  -9.17441559],[ 14.50050926  14.00559235 -11.52198315]
,,,,,,
42:32.5,474121,76.2200687,118.5341078,[15.20113945 14.75682449 -9.24422836],[14.14430046 13.74460602 -9.1754818 ],[ 14.50999546  14.02385235 -11.50751591]
,,,,,,
42:32.5,478120,76.24421678,6.038530647,[15.19954395 14.75708961 -9.24093056],[14.14252472 13.74406624 -9.17813873],[ 14.50648689  14.03634262 -11.50482178]
,,,,,,
42:32.5,482120,75.8840334,90.04584425,[15.19949341 14.75606537 -9.23922348],[14.14024544 13.74459553 -9.17926121],[ 14.52282429  14.04163074 -11.49073792]
,,,,,,
42:32.5,486120,75.52311569,90.2294291,[15.1928978  14.76034451 -9.23717785],[14.13212776 13.75427914 -9.17555237],[ 14.52764797  14.05461216 -11.48469925]
,,,,,,
42:32.5,490121,75.23364491,72.34960584,[15.19255733 14.75743389 -9.238204  ],[14.12931824 13.75344467 -9.17724609],[ 14.53819466  14.05635452 -11.47824764]
,,,,,,
42:32.5,495120,75.08018638,30.69784603,[15.19040298 14.75740623 -9.2376318 ],[14.12679768 13.75761604 -9.17497444],[ 14.54145908  14.06054688 -11.47988892]
,,,,,,
42:32.5,499121,74.15950847,230.1119504,[15.18776608 14.75710201 -9.2396059 ],[14.12722683 13.75993633 -9.167943  ],[ 14.54770374  14.08661079 -11.45937538]
,,,,,,
42:32.5,503120,73.93085243,57.17830459,[15.1876297  14.75615311 -9.24013519],[14.12928963 13.75409031 -9.17295551],[ 14.55413246  14.09762573 -11.45354652]
,,,,,,
42:32.5,507121,74.0426491,27.94218327,[15.18217564 14.76100349 -9.23596764],[14.12460899 13.75579262 -9.17828274],[ 14.55070591  14.11133766 -11.45084858]
,,,,,,
42:32.5,511120,73.55063023,123.0354761,[15.18133736 14.75893116 -9.23603344],[14.12268257 13.75842094 -9.17542267],[ 14.56219864  14.12018776 -11.44158936]
,,,,,,
42:32.5,515121,73.1615995,97.23337631,[15.18041229 14.75737476 -9.23449326],[14.12054729 13.76556396 -9.16925049],[ 14.56503201  14.1337471  -11.43492794]
,,,,,,
42:32.5,520121,73.11111786,10.09632636,[15.1769762  14.75913525 -9.23188305],[14.1159296  13.76637459 -9.17530727],[ 14.57071781  14.14440727 -11.43191242]
,,,,,,
42:32.5,524121,72.59410354,129.2535808,[15.17677498 14.75571823 -9.23490334],[14.1143589  13.76973057 -9.17242527],[ 14.57312202  14.1592474  -11.42587185]
,,,,,,
42:32.5,528123,72.2405691,88.33944147,[15.17166519 14.76126671 -9.22855473],[14.10595322 13.77775669 -9.17200375],[ 14.58347702  14.17664337 -11.40864086]
,,,,,,
42:32.5,532121,71.87959314,90.28913318,[15.16929913 14.76103306 -9.22663116],[14.10153198 13.78188324 -9.17149925],[ 14.5935564   14.18817806 -11.40217876]
,,,,,,
42:32.5,536120,71.38944033,122.5688444,[15.16895771 14.75760174 -9.22804832],[14.09325218 13.79236698 -9.17146683],[ 14.60884762  14.19517517 -11.39337349]
,,,,,,
42:32.5,540121,70.8942711,123.7613671,[15.16359901 14.76105881 -9.22607708],[14.08506203 13.8049078  -9.16425419],[ 14.60352612  14.22103596 -11.38431931]
,,,,,,
42:32.5,545122,70.88611276,1.63134252,[15.15762997 14.76668549 -9.22242928],[14.07794094 13.80542755 -9.17760563],[ 14.62058067  14.2277422  -11.37480736]
,,,,,,
42:32.5,549119,70.22316398,165.8615913,[15.14995003 14.77133656 -9.22235012],[14.08608532 13.80896091 -9.16245937],[ 14.62948895  14.23728657 -11.36658001]
,,,,,,
42:32.6,553122,69.72228874,125.1249657,[15.14603806 14.77313137 -9.22670364],[14.07740307 13.8172226  -9.16484356],[ 14.62618446  14.26253128 -11.36223412]
,,,,,,
42:32.6,557121,69.33396444,97.10535165,[15.14238167 14.77770901 -9.22694588],[14.0729208  13.81588936 -9.17291832],[ 14.63550091  14.28026485 -11.3490181 ]
,,,,,,
42:32.6,561120,68.90297301,107.7748006,[15.14037514 14.77650738 -9.23005581],[14.0711298  13.82063961 -9.17189503],[ 14.64569569  14.28679943 -11.34561062]
,,,,,,
42:32.6,565120,68.87916218,5.952708289,[15.1370573  14.78040981 -9.22082901],[14.06284237 13.83026314 -9.17288399],[ 14.65102386  14.30302238 -11.33640099]
,,,,,,
42:32.6,570120,68.59753058,56.32631906,[15.13760948 14.77972317 -9.22022247],[14.06044865 13.83390236 -9.17206478],[ 14.64569473  14.32535458 -11.33216381]
,,,,,,
42:32.6,574123,67.95231409,161.1832354,[15.13057041 14.78513432 -9.22343826],[14.05514812 13.83846092 -9.17552662],[ 14.6583147   14.34320641 -11.32020187]
,,,,,,
42:32.6,578120,67.8938421,14.62896862,[15.12819195 14.78844166 -9.2177515 ],[14.05899239 13.84347248 -9.16751862],[ 14.67130947  14.34029198 -11.32121372]
,,,,,,
42:32.6,582122,67.85681833,9.251317125,[15.12055492 14.7944994  -9.21736145],[14.05204296 13.85272121 -9.16680145],[ 14.66687489  14.35168743 -11.32731724]
,,,,,,
42:32.6,586121,67.45681549,100.0257161,[15.11681747 14.80212975 -9.21299458],[14.04158688 13.86409664 -9.1721096 ],[ 14.67618656  14.37594318 -11.30509186]
,,,,,,
42:32.6,590120,67.13880125,79.52344288,[15.11002254 14.8093996  -9.21265888],[14.0377655  13.86894035 -9.17409897],[ 14.68373775  14.38912487 -11.29778576]
,,,,,,
42:32.6,595120,66.81451516,64.85721639,[15.11184597 14.8081255  -9.21491718],[14.03825951 13.86427593 -9.18231964],[ 14.69118977  14.4042511  -11.29109669]
,,,,,,
42:32.6,599120,65.9829864,207.8821919,[15.10743523 14.80974674 -9.21747398],[14.03623009 13.87287045 -9.17662621],[ 14.69787884  14.42900372 -11.27598476]
,,,,,,
42:32.6,603120,65.69982763,70.78969144,[15.10108566 14.81615734 -9.21429539],[14.03253078 13.88195515 -9.17241192],[ 14.6990099   14.44610691 -11.26877594]
,,,,,,
42:32.6,607121,65.31689436,95.70939014,[15.10181046 14.82020569 -9.20712852],[14.03030586 13.88736248 -9.17387199],[ 14.71401596  14.46522808 -11.24804497]
,,,,,,
42:32.6,611120,65.48857772,42.93157374,[15.09669399 14.82954788 -9.2033596 ],[14.02070999 13.89780045 -9.17960739],[ 14.71192741  14.47922802 -11.2511797 ]
,,,,,,
42:32.6,615120,65.05293757,108.9100379,[15.10122013 14.82526779 -9.20761776],[14.01653671 13.90703869 -9.17716217],[ 14.71753788  14.48849964 -11.24991894]
,,,,,,
42:32.6,620120,64.42070872,126.4457703,[15.09505272 14.83228874 -9.20507526],[14.01461697 13.91357613 -9.17329121],[ 14.73400974  14.50192738 -11.23154068]
,,,,,,
42:32.6,624120,64.23462973,46.51974755,[15.09161663 14.83806133 -9.20151424],[14.01056576 13.92335033 -9.1667223 ],[ 14.72978497  14.52053261 -11.23145485]
,,,,,,
42:32.6,628121,63.96214626,68.10384278,[15.09124184 14.84098625 -9.20153999],[14.01115513 13.93160534 -9.1614027 ],[ 14.73661995  14.52831745 -11.23108959]
,,,,,,
42:32.6,632122,63.41066435,137.8360173,[15.09129238 14.84340858 -9.1969347 ],[14.00900745 13.93682957 -9.16354465],[ 14.75401497  14.54651165 -11.20597839]
,,,,,,
42:32.6,636120,63.55696462,36.59336325,[15.08419704 14.85602283 -9.18890095],[14.00801754 13.94143105 -9.16337872],[ 14.75576496  14.55995274 -11.20612049]
,,,,,,
42:32.6,640120,63.59294429,8.994917286,[15.0915451  14.84982014 -9.19256496],[14.00614357 13.93899918 -9.17430115],[ 14.76034641  14.56211376 -11.20986557]
,,,,,,
42:32.6,645121,63.33410655,51.75719687,[15.08795738 14.85571003 -9.19110966],[14.00540829 13.94316578 -9.17609119],[ 14.76489544  14.57860661 -11.20117855]
,,,,,,
42:32.6,649120,63.17675735,39.34713661,[15.08397007 14.86270142 -9.18684387],[13.99984169 13.95799541 -9.17162228],[ 14.76796627  14.59395313 -11.19773006]
,,,,,,
42:32.7,653120,63.05097862,31.44468182,[15.08001232 14.86886406 -9.18650627],[14.00177097 13.95800114 -9.17256832],[ 14.76959896  14.60364532 -11.19498444]
,,,,,,
42:32.7,657120,62.5153635,133.903779,[15.08147907 14.87288761 -9.1801796 ],[13.99977684 13.96770763 -9.16494179],[ 14.78106499  14.62093544 -11.17528152]
,,,,,,
42:32.7,661120,62.07145848,110.9762561,[15.0773592  14.87798786 -9.18246937],[13.99431038 13.97806931 -9.16240597],[ 14.78705025  14.6322155  -11.16980362]
,,,,,,
42:32.7,665120,62.4100295,84.64275495,[15.07762051 14.88332844 -9.17889595],[13.99056435 13.98611641 -9.16534901],[ 14.78382111  14.63549328 -11.17390442]
,,,,,,
42:32.7,670120,62.04380226,73.24544728,[15.07489586 14.88717461 -9.17833042],[13.99347973 13.99024963 -9.15965271],[ 14.79124737  14.6456604  -11.16906643]
,,,,,,
42:32.7,674120,62.04529595,0.373421023,[15.07491207 14.8956604  -9.16655922],[13.99394226 13.99378586 -9.15734196],[ 14.79715633  14.66134262 -11.15683842]
,,,,,,
42:32.7,678120,61.4278376,154.3645854,[15.07974911 14.89142704 -9.17202187],[14.00549603 13.99461651 -9.14786243],[ 14.80697823  14.66504383 -11.148036  ]
,,,,,,
42:32.7,682120,61.33447617,23.34035736,[15.07813454 14.89295959 -9.17950726],[13.9971981  13.9954443  -9.16491032],[ 14.81138515  14.66902447 -11.1463995 ]
,,,,,,
42:32.7,686120,61.63264074,74.54114237,[15.07809448 14.89758778 -9.17448139],[13.99685001 13.993536   -9.17237377],[ 14.80821419  14.67909145 -11.14659691]
,,,,,,
42:32.7,690121,60.97295663,164.8798095,[15.07374382 14.90576172 -9.17514133],[14.00164318 13.9981184  -9.16047764],[ 14.81493282  14.69019032 -11.13311958]
,,,,,,
42:32.7,695121,60.88677758,17.23580884,[15.07355881 14.90806198 -9.17364883],[14.00261879 13.99987888 -9.16111183],[ 14.81872463  14.69656944 -11.12904835]
,,,,,,
42:32.7,698657,60.87669044,2.852697918,[15.07763958 14.9079628  -9.17109108],[13.99991131 14.00554657 -9.16221619],[ 14.82062626  14.70406437 -11.12563419]
,,,,,,
42:32.7,703153,60.87956344,0.639012134,[15.08117485 14.90893078 -9.16495895],[13.99569798 14.01452732 -9.15886211],[ 14.82172966  14.71368122 -11.12129021]
,,,,,,
42:32.7,707153,61.09405724,53.62345009,[15.08045483 14.91278458 -9.16311455],[13.99864101 14.01287651 -9.16113853],[ 14.82099915  14.71364403 -11.12419987]
,,,,,,
42:32.7,711154,60.83453035,64.86550543,[15.07706261 14.91939831 -9.15988255],[14.00261497 14.01309872 -9.1553297 ],[ 14.82383347  14.72252655 -11.11454964]
,,,,,,
42:32.7,715151,60.56596824,67.19092097,[15.07696533 14.92472935 -9.1597805 ],[14.00517559 14.01726437 -9.14975262],[ 14.82756329  14.72771168 -11.10819149]
,,,,,,
42:32.7,720153,60.81195068,49.17681696,[15.07965374 14.92630005 -9.15786457],[14.00473309 14.02205181 -9.14726543],[ 14.82446003  14.72694206 -11.11727047]
,,,,,,
42:32.7,724155,60.79877863,3.29136721,[15.08351994 14.9249115  -9.1553812 ],[14.0071125  14.02067184 -9.14844227],[ 14.82425022  14.73215771 -11.10926819]
,,,,,,
42:32.7,728154,60.91125843,28.12698186,[15.08504009 14.92693138 -9.15642071],[14.0078125  14.0234642  -9.14806557],[ 14.82504654  14.7272625  -11.11386967]
,,,,,,
42:32.7,732152,60.65322764,64.53996716,[15.08361816 14.9305048  -9.15625477],[14.01095581 14.02428913 -9.14530277],[ 14.82350063  14.73970318 -11.10591984]
,,,,,,
42:32.7,736153,60.57571331,19.37373974,[15.08690357 14.92936897 -9.15583706],[14.01349068 14.02544022 -9.14129066],[ 14.8250761   14.73898697 -11.10394669]
,,,,,,
42:32.7,740153,60.53788972,9.455898263,[15.0856142  14.93271446 -9.15771961],[14.01702976 14.02537441 -9.14062691],[ 14.83068275  14.73135948 -11.10293007]
,,,,,,
42:32.7,745153,60.5723384,6.889737625,[15.08802509 14.93238068 -9.16024208],[14.01934242 14.02347565 -9.14241123],[ 14.82505703  14.73481274 -11.10516071]
,,,,,,
42:32.7,749152,60.37151691,50.21792704,[15.08897781 14.93183517 -9.16239643],[14.02089787 14.02824688 -9.13736725],[ 14.82304287  14.73999691 -11.10326672]
,,,,,,
42:32.8,753154,60.66381363,73.03766036,[15.08987999 14.93334579 -9.16001892],[14.02365208 14.02532291 -9.14057255],[ 14.8208847   14.73723888 -11.10508347]
,,,,,,
42:32.8,757154,60.80517888,35.3413121,[15.09359264 14.93229675 -9.1593523 ],[14.02315426 14.03012753 -9.13626671],[ 14.82351589  14.72681808 -11.11075878]
,,,,,,
42:32.8,761153,60.95415978,37.25453841,[15.09578896 14.93339157 -9.15639877],[14.02214813 14.0356636  -9.13048553],[ 14.8198576   14.7250433  -11.11427402]
,,,,,,
42:32.8,765152,61.21172584,64.40761863,[15.09782124 14.93430901 -9.1561594 ],[14.02426529 14.03428555 -9.13401318],[ 14.81347179  14.72621441 -11.11715031]
,,,,,,
42:32.8,770153,61.12367648,17.60635159,[15.0987463  14.9360466  -9.15697956],[14.02980232 14.03043938 -9.1329155 ],[ 14.81826496  14.72109699 -11.11287975]
,,,,,,
42:32.8,774153,61.47149991,86.95585857,[15.10569477 14.93431187 -9.15206146],[14.03691483 14.02697468 -9.13046169],[ 14.81039333  14.72293854 -11.11581802]
,,,,,,
42:32.8,778153,61.36759529,25.97615599,[15.10830307 14.93327236 -9.15857124],[14.03896046 14.02578449 -9.13025475],[ 14.80962086  14.71593761 -11.11869431]
,,,,,,
42:32.8,782153,61.67389741,76.57553023,[15.11470509 14.93188572 -9.154953  ],[14.0402422  14.0270977  -9.12659168],[ 14.80324554  14.71300697 -11.12423038]
,,,,,,
42:32.8,786153,61.94188882,66.99785287,[15.11589527 14.93329811 -9.15474892],[14.04278564 14.02553844 -9.12596321],[ 14.7987833   14.70514202 -11.12986946]
,,,,,,
42:32.8,790153,62.42997001,122.0202969,[15.11942196 14.93442917 -9.15020084],[14.04506874 14.02529335 -9.12333679],[ 14.78977203  14.69900036 -11.13817501]
,,,,,,
42:32.8,794152,62.05485311,93.80267682,[15.11853027 14.9331007  -9.16444016],[14.04756165 14.02654648 -9.12180614],[ 14.79296017  14.68453598 -11.14145279]
,,,,,,
42:32.8,799152,62.12189304,13.40798717,[15.12178612 14.9304924  -9.17072296],[14.04534912 14.03017807 -9.12120056],[ 14.7841568   14.67860413 -11.14876461]
,,,,,,
42:32.8,803152,62.37771133,63.95457118,[15.12420082 14.93122673 -9.16941833],[14.05623531 14.02346897 -9.11723995],[ 14.77502251  14.6763649  -11.15258408]
,,,,,,
42:32.8,807153,62.5890107,52.8116411,[15.13169289 14.92498398 -9.17188549],[14.06923199 14.01346874 -9.11552525],[ 14.76978111  14.66686916 -11.15786839]
,,,,,,
42:32.8,811154,63.0722202,120.7721803,[15.13273048 14.92799377 -9.16805935],[14.06873512 14.01287937 -9.11653137],[ 14.76276207  14.65886116 -11.16419029]
,,,,,,
42:32.8,815153,63.57157927,124.8709866,[15.13445091 14.9276228  -9.17153263],[14.07562733 14.00128651 -9.12213516],[ 14.75063801  14.6474247  -11.17784691]
,,,,,,
42:32.8,820152,64.01470188,88.64225017,[15.14200306 14.92371941 -9.1679945 ],[14.086236   13.99490929 -9.11926937],[ 14.75044346  14.63113976 -11.18275738]
,,,,,,
42:32.8,824151,64.01054342,1.039875987,[15.14557743 14.92312145 -9.16883659],[14.09043694 13.9960146  -9.11053467],[ 14.74441624  14.62580299 -11.18481827]
,,,,,,
42:32.8,828153,64.41838009,101.9082136,[15.15149403 14.92185402 -9.16989613],[14.09072971 13.9995203  -9.10707664],[ 14.73976135  14.60752964 -11.19817543]
,,,,,,
42:32.8,832152,64.60253962,46.05139668,[15.15958881 14.91596508 -9.17440605],[14.09175491 14.0013895  -9.1048708 ],[ 14.72934532  14.59986115 -11.20654202]
,,,,,,
42:32.8,836152,64.73444312,32.97587483,[15.16106415 14.91489601 -9.17866421],[14.10267067 13.99229813 -9.10649586],[ 14.72385883  14.59410381 -11.20942688]
,,,,,,
42:32.8,840151,64.48881876,61.42144474,[15.16321278 14.91152763 -9.18650055],[14.10903931 13.98811913 -9.10401058],[ 14.72585583  14.58369541 -11.20813942]
,,,,,,
42:32.8,845153,65.67462768,237.0669572,[15.16835308 14.91274166 -9.18144703],[14.110672   13.981987   -9.11081219],[ 14.70808411  14.56494045 -11.23138523]
,,,,,,
42:32.8,849152,66.33216041,164.424288,[15.1772356  14.90697384 -9.18273258],[14.10874367 13.98174286 -9.11470318],[ 14.69400978  14.55160332 -11.24825001]
,,,,,,
42:32.9,853153,66.38592367,13.4374561,[15.17469692 14.91260719 -9.18200302],[14.1113081  13.97855282 -9.11592865],[ 14.69437981  14.54896545 -11.24380875]
,,,,,,
42:32.9,857152,66.58792768,50.51362897,[15.17824078 14.90903091 -9.19122696],[14.12141323 13.9700346  -9.11434555],[ 14.68448639  14.53008461 -11.25741005]
,,,,,,
42:32.9,861152,67.14905725,140.2823924,[15.18203259 14.90649319 -9.19637489],[14.12157726 13.97377396 -9.11478329],[ 14.66887665  14.51436615 -11.27762318]
,,,,,,
42:32.9,865154,67.46441271,78.79946616,[15.18347168 14.90630245 -9.20107841],[14.12391186 13.96801281 -9.12171745],[ 14.65801811  14.50913715 -11.28407669]
,,,,,,
42:32.9,870153,68.08158108,123.4583666,[15.18995857 14.90367031 -9.20317936],[14.12869644 13.96528053 -9.12311554],[ 14.64867687  14.48971176 -11.30167675]
,,,,,,
42:32.9,874153,68.03273018,12.21272538,[15.19519329 14.89844131 -9.21370983],[14.13599014 13.95167065 -9.1288929 ],[ 14.64629269  14.47728539 -11.3057375 ]
,,,,,,
42:32.9,878153,68.6354331,150.6757305,[15.19342136 14.90336704 -9.21041489],[14.14068222 13.94658852 -9.1325779 ],[ 14.64528179  14.45872784 -11.31137371]
,,,,,,
42:32.9,882153,69.14515242,127.4298298,[15.2063446  14.89260578 -9.21343327],[14.13751888 13.95264816 -9.13158703],[ 14.64039803  14.4338026  -11.32826042]
,,,,,,
42:32.9,886152,69.35066753,51.39162374,[15.20473194 14.89346504 -9.21993828],[14.14059639 13.94825935 -9.1362009 ],[ 14.62662315  14.43157673 -11.33536053]
,,,,,,
42:32.9,890152,69.49012092,34.8633484,[15.20411491 14.89591694 -9.22105408],[14.14933205 13.94165134 -9.12928486],[ 14.62288857  14.41639328 -11.34443283]
,,,,,,
42:32.9,895152,70.11242465,124.4607464,[15.21116447 14.89182854 -9.22401714],[14.15375328 13.9342823  -9.13685322],[ 14.61524487  14.39734459 -11.35619259]
,,,,,,
42:32.9,899152,70.72895625,154.1328995,[15.21822166 14.88573074 -9.22705173],[14.15923023 13.92902088 -9.13817787],[ 14.60101318  14.37944317 -11.37708855]
,,,,,,
42:32.9,903152,71.20652263,119.391594,[15.22195435 14.88544559 -9.22675896],[14.17017269 13.92041874 -9.13568115],[ 14.58565998  14.37022591 -11.3899765 ]
,,,,,,
42:32.9,907154,71.68996717,120.8007362,[15.22177601 14.88815784 -9.2269268 ],[14.16792774 13.91959095 -9.14282703],[ 14.57808304  14.36183357 -11.39433479]
,,,,,,
42:32.9,911152,71.66714492,5.708416761,[15.22130489 14.88630581 -9.23821354],[14.16286659 13.92356491 -9.14365005],[ 14.57555771  14.34179306 -11.40359497]
,,,,,,
42:32.9,915414,71.98354125,74.23658528,[15.22592545 14.88074112 -9.24896717],[14.16908741 13.9163084  -9.14639664],[ 14.56365967  14.32148647 -11.42470741]
,,,,,,
42:32.9,919670,72.8033667,192.6281605,[15.22218704 14.88834858 -9.24594021],[14.17274284 13.90794182 -9.15443611],[ 14.55445099  14.30527115 -11.43685722]
,,,,,,
42:32.9,923670,73.04425023,60.22088195,[15.22555637 14.88406563 -9.2539978 ],[14.17172337 13.9089222  -9.15594769],[ 14.54899406  14.28538513 -11.45376205]
,,,,,,
42:32.9,927670,73.50265018,114.5999891,[15.23005009 14.88097858 -9.25360775],[14.16940022 13.90716743 -9.16100883],[ 14.54331398  14.27415466 -11.46238232]
,,,,,,
42:32.9,932669,74.12587447,124.6697903,[15.23337269 14.87651539 -9.25727081],[14.16995621 13.90567589 -9.16376209],[ 14.52922058  14.25347233 -11.48357964]
,,,,,,
42:32.9,936670,74.7317558,151.4324756,[15.2397747  14.87387848 -9.25553703],[14.16902542 13.8999958  -9.17133427],[ 14.51766205  14.24655819 -11.49383736]
,,,,,,
42:32.9,940670,74.90986342,44.52690488,[15.2463665  14.86925125 -9.25649643],[14.17404175 13.89496613 -9.17246056],[ 14.51240158  14.2422123  -11.49467373]
,,,,,,
42:32.9,944670,75.3458757,109.0030697,[15.24291515 14.87329006 -9.26335335],[14.16601753 13.8966608  -9.18161201],[ 14.5066433   14.22198009 -11.5092392 ]
,,,,,,
42:32.9,948670,75.72194917,94.01836744,[15.24017334 14.87727737 -9.26538849],[14.17630386 13.88371849 -9.1865387 ],[ 14.50784302  14.20319748 -11.51631927]
,,,,,,
42:33.0,952672,76.63630277,228.4741619,[15.2415905  14.87689686 -9.26368237],[14.17745304 13.87513161 -9.19670963],[ 14.49682522  14.18423843 -11.5397644 ]
,,,,,,
42:33.0,956671,76.90997735,68.43575556,[15.23927212 14.87777233 -9.26995277],[14.17615414 13.87396431 -9.20031643],[ 14.48474407  14.17344856 -11.5515728 ]
,,,,,,
42:33.0,961672,77.10915337,39.82723865,[15.23876381 14.87854195 -9.2757597 ],[14.18167305 13.86525631 -9.20192337],[ 14.47782135  14.15842438 -11.56389999]
,,,,,,
42:33.0,965670,76.78120469,82.02818426,[15.24128914 14.87626743 -9.27993202],[14.18644524 13.86740875 -9.19348049],[ 14.48224068  14.15127182 -11.55974483]
,,,,,,
42:33.0,969670,77.23397771,113.1932548,[15.24117279 14.87356281 -9.28812695],[14.1825943  13.86666679 -9.20249748],[ 14.46794796  14.13742161 -11.57561207]
,,,,,,
42:33.0,973670,77.63429776,100.0800114,[15.24250031 14.87287331 -9.28949261],[14.18344402 13.86426353 -9.20312881],[ 14.4644146   14.11690712 -11.5915184 ]
,,,,,,
42:33.0,977670,77.86702711,58.18233814,[15.23799896 14.87727261 -9.29089832],[14.18375874 13.85600758 -9.21351624],[ 14.4585638   14.11968803 -11.58718967]
,,,,,,
42:33.0,982671,78.05696355,37.97969132,[15.23845482 14.87934208 -9.28743649],[14.18290329 13.85725594 -9.21253681],[ 14.46603107  14.10680771 -11.5860424 ]
,,,,,,
42:33.0,986670,78.46634813,102.3717382,[15.2340107  14.88096237 -9.2943182 ],[14.18133163 13.85507774 -9.21751976],[ 14.44717216  14.0966711  -11.60739613]
,,,,,,
42:33.0,990671,78.67212297,51.43085242,[15.23552895 14.87897587 -9.29603672],[14.18190002 13.85415649 -9.21843243],[ 14.44058132  14.09016895 -11.61585999]
,,,,,,
42:33.0,994672,78.89364855,55.36755283,[15.23398781 14.87906456 -9.29983902],[14.17748547 13.84653187 -9.23077202],[ 14.44049931  14.08338928 -11.6171217 ]
,,,,,,
42:33.0,998669,79.57722396,171.0221189,[15.23430634 14.87683582 -9.30159855],[14.17734241 13.84192657 -9.2386198 ],[ 14.43170547  14.06286812 -11.63614368]
,,,,,,
42:33.0,2671,79.67626743,0.099441441,[15.23689461 14.87314034 -9.30324745],[14.17730522 13.84759045 -9.22789478],[ 14.41522408  14.05476952 -11.65403366]
,,,,,,
42:33.0,7672,79.66961253,1.33071477,[15.23474789 14.87235355 -9.31191158],[14.17344093 13.84498119 -9.23371315],[ 14.41722298  14.04040909 -11.66185284]
,,,,,,
42:33.0,11671,79.87544086,51.46995151,[15.23544502 14.87021732 -9.31097507],[14.17089748 13.84153652 -9.23921585],[ 14.41523075  14.03808689 -11.66020012]
,,,,,,
42:33.0,15670,80.01980897,36.10105244,[15.23122311 14.8710165  -9.31561756],[14.16920662 13.84058571 -9.24280357],[ 14.41195488  14.02782917 -11.66622257]
,,,,,,
42:33.0,19670,79.89738314,30.60645704,[15.23229885 14.86694336 -9.31834507],[14.1696291  13.83707428 -9.24131584],[ 14.40662861  14.02776337 -11.66499233]
,,,,,,
42:33.0,23670,80.29558209,99.54973555,[15.23448658 14.86536789 -9.31416225],[14.16832447 13.83543968 -9.24421978],[ 14.39503384  14.02996826 -11.67177582]
,,,,,,
42:33.0,27671,80.55014612,63.62510327,[15.23211479 14.86598301 -9.31354046],[14.16678715 13.8349781  -9.24381351],[ 14.39358425  14.01571274 -11.67991257]
,,,,,,
42:33.0,31670,80.72436377,43.56530234,[15.22998142 14.86629581 -9.31255913],[14.16417408 13.83814335 -9.24139118],[ 14.39912605  13.99762535 -11.68745708]
,,,,,,
42:33.0,36670,80.5725723,30.35829328,[15.22720814 14.86515713 -9.31871986],[14.16210747 13.83704567 -9.24372292],[ 14.39665508  13.99658775 -11.68635559]
,,,,,,
42:33.0,40671,80.63970874,16.77991446,[15.22434711 14.86510944 -9.32287312],[14.15771389 13.83517838 -9.25143719],[ 14.39304447  13.99728966 -11.68642426]
,,,,,,
42:33.0,44670,80.80205842,40.59757075,[15.22169304 14.86600018 -9.32196331],[14.15574265 13.83310795 -9.25385952],[ 14.39614105  13.98815155 -11.6883955 ]
,,,,,,
42:33.0,48671,80.90692826,26.21090558,[15.21758461 14.86603451 -9.32486629],[14.15597916 13.83076286 -9.25468731],[ 14.39562225  13.97669315 -11.69779778]
,,,,,,
42:33.1,52670,80.92946625,5.63590789,[15.21764565 14.86275864 -9.32618141],[14.15877914 13.82615757 -9.2553997 ],[ 14.39652157  13.971138   -11.69773674]
,,,,,,
42:33.1,56671,81.18153084,63.00039621,[15.21751213 14.86154556 -9.32670879],[14.15793991 13.82004452 -9.26174068],[ 14.39375782  13.96575928 -11.70348358]
,,,,,,
42:33.1,61670,81.09136258,18.03725911,[15.21601677 14.86219311 -9.32378483],[14.15745163 13.81290627 -9.2642355 ],[ 14.39880657  13.96999264 -11.69284725]
,,,,,,
42:33.1,65670,81.03961925,12.93583329,[15.21956348 14.85600948 -9.32598972],[14.15769577 13.81220531 -9.26381874],[ 14.3982048   13.96747589 -11.69736958]
,,,,,,
42:33.1,69671,81.20182664,40.54171161,[15.21780205 14.85702419 -9.3235302 ],[14.16306114 13.80541229 -9.26349831],[ 14.40181541  13.95876884 -11.70054817]
,,,,,,
42:33.1,73670,80.95595935,61.48219204,[15.21697712 14.85622597 -9.32601833],[14.16067886 13.8076992  -9.26010418],[ 14.40666294  13.95524693 -11.70020962]
,,,,,,
42:33.1,77671,80.83139306,31.13378962,[15.21479225 14.85491371 -9.3287878 ],[14.15547657 13.81237888 -9.25788212],[ 14.3929491   13.96477222 -11.70444107]
,,,,,,
42:33.1,81670,80.9101101,19.68418126,[15.21562672 14.851408   -9.32866955],[14.15612698 13.80822468 -9.26172638],[ 14.39455318  13.9636507  -11.70450592]
,,,,,,
42:33.1,86670,81.04523491,27.02496153,[15.21604443 14.85003376 -9.32676697],[14.15543938 13.80744934 -9.26365852],[ 14.39647865  13.96091461 -11.70613194]
,,,,,,
42:33.1,90671,81.13198907,21.68311991,[15.21823692 14.847579   -9.32323551],[14.15544224 13.80375576 -9.26548004],[ 14.39903927  13.96123791 -11.70253277]
,,,,,,
42:33.1,94671,80.83970533,73.07093452,[15.2161684  14.84531498 -9.32883453],[14.15604496 13.80020714 -9.26862526],[ 14.40490341  13.96322441 -11.69770527]
,,,,,,
42:33.1,98670,80.76546616,18.56443311,[15.2159462  14.84317207 -9.32720089],[14.15350533 13.80047512 -9.26905823],[ 14.40457058  13.96947956 -11.69246483]
,,,,,,
42:33.1,102671,80.58412991,45.32273316,[15.21884918 14.83622932 -9.32952881],[14.15181351 13.80170059 -9.26857853],[ 14.4080143   13.96904564 -11.69084644]
,,,,,,
42:33.1,106671,80.56109778,5.758032826,[15.21613884 14.83554363 -9.32684422],[14.1484623  13.80245018 -9.26996231],[ 14.41441345  13.9694891  -11.68549156]
,,,,,,
42:33.1,111670,80.43949741,24.3249388,[15.21516514 14.83332729 -9.3240633 ],[14.15188122 13.79914379 -9.26656342],[ 14.41893864  13.97106743 -11.68208408]
,,,,,,
42:33.1,115670,80.61558013,44.02068107,[15.21185684 14.8353672  -9.31928444],[14.15517521 13.79251957 -9.2699213 ],[ 14.42564297  13.96877289 -11.67793655]
,,,,,,
42:33.1,119670,80.37765683,59.48082516,[15.21310616 14.83273602 -9.3147316 ],[14.15121365 13.79530048 -9.26712704],[ 14.43848038  13.97122097 -11.66764832]
,,,,,,
42:33.1,123671,80.26477603,28.21314773,[15.2118082  14.82949924 -9.31366062],[14.15410233 13.78961182 -9.26819038],[ 14.44019222  13.97794247 -11.66439247]
,,,,,,
42:33.1,127670,79.9212545,85.90185677,[15.20994854 14.82739258 -9.3155899 ],[14.15285683 13.79055786 -9.26597977],[ 14.44550228  13.98224163 -11.65794945]
,,,,,,
42:33.1,131673,79.93158884,2.581648273,[15.21060944 14.82362556 -9.3075552 ],[14.15034676 13.79047585 -9.26399708],[ 14.44679642  13.99112034 -11.65396786]
,,,,,,
42:33.1,136672,79.57549753,71.23250793,[15.20829201 14.82097912 -9.31023979],[14.14750957 13.79394054 -9.26048374],[ 14.45040131  13.99460125 -11.65092278]
,,,,,,
42:33.1,140671,79.12682702,112.1956764,[15.20781803 14.81813049 -9.3086338 ],[14.14756298 13.79411983 -9.25691509],[ 14.45210457  14.01346302 -11.63797379]
,,,,,,
42:33.1,144670,78.6034998,130.8645212,[15.20626926 14.81490517 -9.31020832],[14.14735413 13.79429626 -9.25245953],[ 14.46543694  14.01568127 -11.62775707]
,,,,,,
42:33.1,148672,78.45259578,37.70715115,[15.20799732 14.81171799 -9.30610752],[14.14591503 13.79311562 -9.2528038 ],[ 14.47739124  14.01815796 -11.61896133]
,,,,,,
42:33.2,152671,77.99297861,114.9330261,[15.20442963 14.81054688 -9.30518246],[14.14017391 13.79665565 -9.24988461],[ 14.48062229  14.03393364 -11.6105175 ]
,,,,,,
42:33.2,156670,77.79535,49.41950885,[15.2018652  14.81002998 -9.30433178],[14.13698387 13.79776287 -9.24991798],[ 14.47804546  14.04807949 -11.60902786]
,,,,,,
42:33.2,161673,77.74053943,10.95553984,[15.20089054 14.80936241 -9.29770279],[14.13407898 13.80076313 -9.24761772],[ 14.48112011  14.05753231 -11.60396099]
,,,,,,
42:33.2,165671,77.07392038,166.7381327,[15.19516277 14.81273174 -9.2977457 ],[14.13569832 13.79707432 -9.24608803],[ 14.49544334  14.07273579 -11.58237934]
,,,,,,
42:33.2,169670,77.00518238,17.18879555,[15.19590855 14.81172657 -9.29163647],[14.13466454 13.7970295  -9.2453413 ],[ 14.49641514  14.08653641 -11.5782423 ]
,,,,,,
42:33.2,173671,76.67572608,82.34348852,[15.19297218 14.81023407 -9.29061508],[14.13271236 13.80042553 -9.24285793],[ 14.50385666  14.09537792 -11.57234669]
,,,,,,
42:33.2,177670,76.33804467,84.44146484,[15.19087029 14.80881596 -9.28757   ],[14.13496017 13.80002308 -9.23846626],[ 14.51291466  14.10376453 -11.56346798]
,,,,,,
42:33.2,181670,75.85187942,121.5413128,[15.18964767 14.80594635 -9.28872681],[14.13216877 13.80188847 -9.23840714],[ 14.52532959  14.1125288  -11.55140495]
,,,,,,
42:33.2,186671,75.45299266,79.76139813,[15.18698883 14.80682087 -9.28508759],[14.13243389 13.80194092 -9.23426151],[ 14.53931618  14.11959076 -11.54146099]
,,,,,,
42:33.2,190671,74.77627219,169.1801174,[15.18553257 14.80314064 -9.28810406],[14.12571335 13.80591774 -9.23745251],[ 14.5457325   14.14517021 -11.52696609]
,,,,,,
42:33.2,194670,74.40329783,93.26690722,[15.17881775 14.80595303 -9.28861046],[14.11854172 13.81187153 -9.23861504],[ 14.55504417  14.1550684  -11.51992702]
,,,,,,
42:33.2,198670,74.07637886,81.72974171,[15.17644787 14.80418777 -9.29057693],[14.11393166 13.81215286 -9.24051857],[ 14.5557003   14.16876793 -11.51955032]
,,,,,,
42:33.2,202671,73.1812297,223.731358,[15.17217445 14.80398846 -9.29016209],[14.10640812 13.82248878 -9.23904514],[ 14.56724167  14.19886112 -11.48702621]
,,,,,,
42:33.2,207671,73.09257717,17.73050578,[15.17039394 14.80238438 -9.28766918],[14.10111809 13.82449245 -9.24580002],[ 14.57870579  14.20693874 -11.48444462]
,,,,,,
42:33.2,211670,72.5220794,142.6601087,[15.16509533 14.80461693 -9.28598404],[14.09969616 13.83019924 -9.23725605],[ 14.58729362  14.22059822 -11.47749233]
,,,,,,
42:33.2,215670,72.05012521,117.9885474,[15.15806198 14.80917454 -9.28095818],[14.0931263 13.835742  -9.2375164],[ 14.59881592  14.24153042 -11.4605217 ]
,,,,,,
42:33.2,219670,72.09254237,10.60429113,[15.14927006 14.81160641 -9.28084087],[14.08629799 13.83640766 -9.24749374],[ 14.6074419   14.24453545 -11.46288872]
,,,,,,
42:33.2,223670,71.65071677,110.4563995,[15.14572239 14.81467819 -9.27644062],[14.07773018 13.8426466  -9.25261879],[ 14.62117481  14.26767445 -11.44679642]
,,,,,,
42:33.2,227671,71.13378043,129.2017865,[15.14697552 14.81070995 -9.27808285],[14.07553005 13.84507275 -9.24965096],[ 14.62322617  14.28515434 -11.44237995]
,,,,,,
42:33.2,232671,70.75007147,76.74179196,[15.14239216 14.80996418 -9.28043652],[14.07213783 13.84383583 -9.25485611],[ 14.63152885  14.29791737 -11.43857861]
,,,,,,
42:33.2,236671,69.61310031,284.2427897,[15.13195324 14.81656361 -9.2832346 ],[14.05289459 13.86644363 -9.24751377],[ 14.64099407  14.32750797 -11.41828918]
,,,,,,
42:33.2,240671,69.22182006,97.82006123,[15.12802696 14.81966019 -9.27857685],[14.04876328 13.87527752 -9.24272823],[ 14.64694977  14.34838772 -11.41190338]
,,,,,,
42:33.2,244671,68.96919586,63.15605179,[15.12526035 14.82311821 -9.26940441],[14.05257034 13.87038326 -9.2458086 ],[ 14.66569519  14.36490536 -11.39686298]
,,,,,,
42:33.2,248670,67.99460157,243.7094996,[15.12386799 14.8231287  -9.2670145 ],[14.05399418 13.87818718 -9.23527336],[ 14.67198944  14.40120506 -11.3737278 ]
,,,,,,
42:33.3,252670,67.26702275,181.8947038,[15.11887074 14.82547092 -9.27105045],[14.04175377 13.88825893 -9.23894978],[ 14.69132137  14.40961266 -11.35744572]
,,,,,,
42:33.3,256670,66.81824885,112.1934766,[15.10896111 14.83110237 -9.27586365],[14.03582668 13.89091682 -9.24713326],[ 14.69162655  14.43571377 -11.35348892]
,,,,,,
42:33.3,261670,66.70767957,22.1138545,[15.10095501 14.83855057 -9.26964283],[14.02815056 13.89914608 -9.24692345],[ 14.69290733  14.45453835 -11.35003281]
,,,,,,
42:33.3,265671,66.50242913,51.29978507,[15.09800911 14.84813404 -9.2496357 ],[14.0227356  13.90881157 -9.24190712],[ 14.71352005  14.47632027 -11.32791233]
,,,,,,
42:33.3,269670,65.98077557,130.4460035,[15.09231663 14.85202694 -9.25422859],[14.01957417 13.91110611 -9.24402428],[ 14.71662712  14.4954834  -11.32446575]
,,,,,,
42:33.3,273670,65.2344367,186.5847156,[15.09103489 14.85128784 -9.25539684],[14.01534462 13.92230988 -9.23871613],[ 14.71791077  14.52577209 -11.30981922]
,,,,,,
42:33.3,277670,64.63626536,149.5428353,[15.08281136 14.85549068 -9.25775814],[13.9974823  13.93873882 -9.24628544],[ 14.7312479  14.5440321 -11.2952137]
,,,,,,
42:33.3,282670,64.64212128,1.17118266,[15.07658195 14.8638525  -9.25028229],[13.99622345 13.94105911 -9.24719238],[ 14.73263741  14.56458855 -11.29466724]
,,,,,,
42:33.3,286670,63.65225737,247.4659761,[15.06644249 14.87391663 -9.24942017],[13.98838043 13.95800018 -9.23904705],[ 14.74811745  14.58966446 -11.27117538]
,,,,,,
42:33.3,290670,63.18223533,117.5055109,[15.06027603 14.87874889 -9.24461555],[13.97339344 13.97309208 -9.24031544],[ 14.76253033  14.60508823 -11.25496101]
,,,,,,
42:33.3,294670,62.75059881,107.9091302,[15.05034351 14.8911314  -9.24052143],[13.96818924 13.98418808 -9.23565292],[ 14.76862526  14.62692928 -11.24532223]
,,,,,,
42:33.3,298671,62.63370667,29.21572969,[15.04403687 14.90208626 -9.23111343],[13.9679184  13.97744179 -9.25004005],[ 14.78574562  14.64729691 -11.22664833]
,,,,,,
42:33.3,302670,62.48615602,36.89688784,[15.04519367 14.90182114 -9.22461796],[13.94406319 13.99914742 -9.2523613 ],[ 14.78510952  14.67009449 -11.22298527]
,,,,,,
42:33.3,307673,61.44848807,207.4091437,[15.02996826 14.91360474 -9.23345566],[13.94881248 14.00554085 -9.24688721],[ 14.7965126   14.69149971 -11.20593452]
,,,,,,
42:33.3,311670,61.01821083,107.650047,[15.03065586 14.91147804 -9.23296928],[13.95006275 14.01051903 -9.2396574 ],[ 14.80029964  14.70704937 -11.20184135]
,,,,,,
42:33.3,315670,60.84847718,42.43341219,[15.02743435 14.91938877 -9.22704887],[13.95141029 14.0172863  -9.23602295],[ 14.80978584  14.720644   -11.19590378]
,,,,,,
42:33.3,319669,60.38133759,116.8141031,[15.02554893 14.92491627 -9.22743893],[13.94283104 14.02264977 -9.24436474],[ 14.82315922  14.73299885 -11.17930889]
,,,,,,
42:33.3,323673,60.21998851,40.2969729,[15.02767181 14.9262352  -9.21794033],[13.94341087 14.02818298 -9.24091434],[ 14.82044888  14.76369762 -11.16750145]
,,,,,,
42:33.3,327670,59.9545154,66.41808975,[15.02242279 14.93770313 -9.20611954],[13.9334116  14.03924084 -9.24134922],[ 14.83099461  14.78339481 -11.1458559 ]
,,,,,,
42:33.3,331671,59.22171831,183.1534843,[15.01724815 14.93903255 -9.21681499],[13.93247795 14.0460577  -9.23705482],[ 14.832407    14.79745674 -11.14239979]
,,,,,,
42:33.3,336671,58.98996214,46.35123365,[15.0154829  14.94368744 -9.20825672],[13.92559528 14.06141376 -9.2295742 ],[ 14.83566189  14.81571102 -11.12980747]
,,,,,,
42:33.3,340671,58.70528636,71.16894657,[15.01232719 14.95026493 -9.19961834],[13.91950703 14.0740633  -9.22415924],[ 14.84896946  14.82637596 -11.11577129]
,,,,,,
42:33.3,344670,58.92052945,53.82422982,[15.0087986  14.95798779 -9.19043922],[13.92008781 14.0782299  -9.22432709],[ 14.84353924  14.84515285 -11.11077023]
,,,,,,
42:33.3,348670,58.65165505,67.21859922,[15.00464439 14.96247578 -9.19196892],[13.90858936 14.09331608 -9.22422695],[ 14.84178734  14.86013889 -11.10744762]
,,,,,,
42:33.4,352670,58.37685139,68.70091736,[15.00787926 14.96541595 -9.18242931],[13.90958881 14.09162235 -9.22485352],[ 14.85598755  14.87176418 -11.08775234]
,,,,,,
42:33.4,356671,57.89230703,121.1058115,[15.00286484 14.96790314 -9.18946171],[13.91935158 14.08324337 -9.22710514],[ 14.85935593  14.88093185 -11.07876396]
,,,,,,
42:33.4,361670,58.07711881,36.96974974,[15.00159359 14.97160625 -9.18199444],[13.91637516 14.09035778 -9.22223091],[ 14.85838699  14.88660526 -11.0802145 ]
,,,,,,
42:33.4,365671,57.83778406,59.8187344,[14.9968195  14.98007202 -9.17614555],[13.90912533 14.10053349 -9.22119236],[ 14.86093998  14.90182209 -11.06480408]
,,,,,,
42:33.4,369671,57.66644349,42.83514215,[14.9955101  14.98443508 -9.17069817],[13.91675663 14.09453106 -9.22273254],[ 14.86721992  14.91383171 -11.050354  ]
,,,,,,
42:33.4,373671,57.73488504,17.11038721,[14.99364471 14.98982906 -9.16711617],[13.9139061  14.09725189 -9.22264099],[ 14.86973667  14.91319752 -11.04849148]
,,,,,,
42:33.4,377670,57.2732017,115.4496961,[14.98956013 14.99514866 -9.17069817],[13.91482449 14.1055727  -9.20988846],[ 14.8642149   14.92488194 -11.04521084]
,,,,,,
42:33.4,381670,56.9631425,77.51480128,[14.99719524 14.98928452 -9.17245865],[13.91207695 14.10708618 -9.21269417],[ 14.86779881  14.93324947 -11.03696823]
,,,,,,
42:33.4,386671,56.79047738,34.52611739,[14.99503136 14.99415874 -9.1665411 ],[13.91334438 14.117136   -9.20048714],[ 14.87045765  14.94042492 -11.02903557]
,,,,,,
42:33.4,390670,56.54114699,62.34818462,[15.00030136 14.98869324 -9.16673374],[13.91471863 14.1183424  -9.19727612],[ 14.87722778  14.94002151 -11.02256298]
,,,,,,
42:33.4,394671,57.06057567,129.8247133,[14.99767303 14.99440289 -9.16179466],[13.90803909 14.12656593 -9.19728279],[ 14.87522316  14.93125725 -11.03426075]
,,,,,,
42:33.4,398670,56.87104936,47.39342699,[15.00000191 14.99639416 -9.16011906],[13.90844154 14.13113594 -9.19146919],[ 14.87203217  14.94170856 -11.02807045]
,,,,,,
42:33.4,402671,56.95146403,20.09864439,[15.00171089 14.9995842  -9.15696812],[13.90569305 14.13714314 -9.1861372 ],[ 14.87052441  14.9400177  -11.02886772]
,,,,,,
42:33.4,406670,56.78658347,41.23044752,[15.00305367 15.0001545  -9.15557671],[13.91070652 14.13402748 -9.18807507],[ 14.8699894   14.95188236 -11.01723003]
,,,,,,
42:33.4,411673,56.84168602,11.01390032,[15.00122452 15.00455666 -9.15619373],[13.91577244 14.13049316 -9.19017124],[ 14.87299252  14.95003223 -11.01869869]
,,,,,,
42:33.4,415671,56.74139918,25.08425153,[15.00643158 15.00083733 -9.16064644],[13.91819382 14.13327312 -9.18671417],[ 14.87020206  14.94848824 -11.02024651]
,,,,,,
42:33.4,419670,57.0486207,76.82458629,[15.00559425 15.00525951 -9.15933514],[13.9187088  14.13230515 -9.18817139],[ 14.86254501  14.94906998 -11.02741051]
,,,,,,
42:33.4,423669,57.09630654,11.9244414,[15.00930595 15.0034256  -9.15882301],[13.91848469 14.13490582 -9.18577003],[ 14.86197472  14.9466486  -11.02833557]
,,,,,,
42:33.4,427671,57.4861085,97.40178888,[15.01164722 15.00536346 -9.15630245],[13.92567348 14.13056755 -9.18476772],[ 14.85476589  14.94472504 -11.03598404]
,,,,,,
42:33.4,432671,57.77421611,57.62152233,[15.01490879 15.00617027 -9.15192318],[13.92897415 14.12730598 -9.18934345],[ 14.85430908  14.94515038 -11.03440189]
,,,,,,
42:33.4,436670,57.84627868,18.02014799,[15.01626873 15.00763035 -9.15398121],[13.92742062 14.12923527 -9.19052029],[ 14.85326767  14.94096947 -11.03808117]
,,,,,,
42:33.4,440670,58.1175689,67.8225551,[15.01485348 15.01036072 -9.15798664],[13.93457699 14.12623787 -9.18657875],[ 14.84543991  14.93178844 -11.05310154]
,,,,,,
42:33.4,444670,58.14207597,6.126766431,[15.01761532 15.00945663 -9.15996075],[13.93755817 14.12403297 -9.18782043],[ 14.84415627  14.93107414 -11.05463982]
,,,,,,
42:33.4,448670,58.44393316,75.46429815,[15.02211666 15.00836658 -9.16086864],[13.94215965 14.12228394 -9.18930626],[ 14.84089279  14.92337036 -11.0608387 ]
,,,,,,
42:33.5,452670,58.67395083,57.50441706,[15.02700233 15.00609493 -9.16403961],[13.9463129  14.12531567 -9.18122292],[ 14.83313179  14.91307545 -11.07476711]
,,,,,,
42:33.5,457671,58.91441299,48.08281624,[15.03020287 15.0078125  -9.16727829],[13.9516058  14.12367344 -9.18129635],[ 14.82305622  14.91229534 -11.08402348]
,,,,,,
42:33.5,461670,59.18370467,67.33975301,[15.03452301 15.00818729 -9.16760349],[13.95222473 14.11971951 -9.18671894],[ 14.82286453  14.90214825 -11.08695221]
,,,,,,
42:33.5,465671,59.39166713,51.97762153,[15.04371166 15.00030327 -9.1728344 ],[13.95767117 14.11730862 -9.18284512],[ 14.81543064  14.89163589 -11.10117531]
,,,,,,
42:33.5,469670,59.13165511,65.01926018,[15.0436821  15.00074005 -9.17956352],[13.96236706 14.12090969 -9.17463589],[ 14.81868649  14.88172913 -11.10400867]
,,,,,,
42:33.5,473671,59.33058186,49.71925885,[15.04463959 15.00109196 -9.18479729],[13.96354771 14.11445141 -9.18423939],[ 14.81428146  14.87592602 -11.10882759]
,,,,,,
42:33.5,477670,59.43659879,26.5108604,[15.04727173 14.99827099 -9.19226456],[13.97093678 14.11089802 -9.17971039],[ 14.80830669  14.86038399 -11.12029076]
,,,,,,
42:33.5,481670,59.55942236,30.70589117,[15.04833984 14.99927711 -9.19682407],[13.97321701 14.10886097 -9.1832819 ],[ 14.80733585  14.85100269 -11.12446594]
,,,,,,
42:33.5,486670,59.65361859,18.83924567,[15.05391312 14.99651623 -9.20090294],[13.9745245  14.10732937 -9.18487835],[ 14.80268002  14.84527588 -11.12842464]
,,,,,,
42:33.5,490673,60.06429304,102.5916693,[15.06146812 14.98770523 -9.20734406],[13.97890854 14.10436726 -9.18359089],[ 14.79064846  14.83238792 -11.15096474]
,,,,,,
42:33.5,494699,60.14673226,20.47670598,[15.06032753 14.98954678 -9.216362  ],[13.98946571 14.09859753 -9.18346405],[ 14.77497864  14.83345699 -11.16016006]
,,,,,,
42:33.5,498709,60.26518383,29.53904633,[15.05840302 14.99036407 -9.21895695],[13.99271584 14.09592247 -9.18616009],[ 14.78100395  14.81669426 -11.16058636]
,,,,,,
42:33.5,502708,60.72903822,115.9925954,[15.06742573 14.98546791 -9.21779537],[13.99113083 14.09565544 -9.18735981],[ 14.77137566  14.80901718 -11.17058277]
,,,,,,
42:33.5,506708,61.33428057,151.3105857,[15.07055855 14.98198318 -9.22275162],[13.99830151 14.08784866 -9.19099998],[ 14.75983238  14.79077625 -11.19025326]
,,,,,,
42:33.5,511708,61.49143017,31.42992001,[15.07241535 14.98235512 -9.2222805 ],[13.99583244 14.09053612 -9.19092464],[ 14.76136398  14.78158283 -11.19326687]
,,,,,,
42:33.5,515708,61.97601744,121.1468175,[15.07055092 14.98059082 -9.23319435],[13.9957037  14.08323669 -9.20161057],[ 14.74170399  14.77090168 -11.21304131]
,,,,,,
42:33.5,519708,62.3341274,89.52749043,[15.0704174  14.98275661 -9.2314291 ],[14.00671482 14.07453632 -9.20463371],[ 14.73974514  14.76450253 -11.21470547]
,,,,,,
42:33.5,523708,63.0095273,168.8499765,[15.07479    14.97831917 -9.23523521],[14.00675488 14.07370567 -9.20224953],[ 14.72094154  14.74520493 -11.24116135]
,,,,,,
42:33.5,527709,63.01114071,0.403250078,[15.07876587 14.97334003 -9.24372387],[14.00827217 14.0727396  -9.20305252],[ 14.72197437  14.72788239 -11.24802113]
,,,,,,
42:33.5,531707,63.3923814,95.3578522,[15.08196735 14.97037315 -9.24284077],[14.01958275 14.06195259 -9.20205116],[ 14.71179581  14.7216301  -11.25494289]
,,,,,,
42:33.5,536708,63.71936525,65.3836934,[15.08938789 14.96727753 -9.23844624],[14.01581669 14.06009483 -9.20470333],[ 14.70419407  14.71964169 -11.25308514]
,,,,,,
42:33.5,540708,64.30674797,146.8456794,[15.0891304  14.96750546 -9.24035549],[14.02329445 14.05280972 -9.20358181],[ 14.69057369  14.70381451 -11.27340221]
,,,,,,
42:33.5,544708,64.89532439,147.1441065,[15.09292889 14.9635458  -9.24314213],[14.01973629 14.05236816 -9.20669365],[ 14.68740368  14.67551422 -11.29219532]
,,,,,,
42:33.5,548711,64.65983449,58.82835482,[15.09379959 14.95691013 -9.25642395],[14.02402687 14.04734039 -9.20676422],[ 14.67534637  14.67255878 -11.29706001]
,,,,,,
42:33.6,552710,65.12408266,116.0910663,[15.09785271 14.95598602 -9.25769997],[14.02658081 14.04640484 -9.20462799],[ 14.6773119   14.64395714 -11.31336308]
,,,,,,
42:33.6,556708,65.26480033,35.19701467,[15.1010952  14.95298481 -9.26010323],[14.03175735 14.03553486 -9.21324444],[ 14.6749897   14.64224815 -11.3108263 ]
,,,,,,
42:33.6,561709,65.99753278,146.5171859,[15.10494423 14.94909573 -9.2606163 ],[14.0419817  14.021595   -9.21911907],[ 14.66086674  14.6287384  -11.32691669]
,,,,,,
42:33.6,565708,65.85081993,36.68738336,[15.1139946  14.93923092 -9.27384949],[14.04311752 14.02067661 -9.21645641],[ 14.65154076  14.61692619 -11.33865929]
,,,,,,
42:33.6,569708,66.13495917,71.03480998,[15.10574532 14.94333935 -9.2783699 ],[14.04913044 14.01219749 -9.22000694],[ 14.63926506  14.60944271 -11.34641075]
,,,,,,
42:33.6,573707,66.4413396,76.6142608,[15.10595512 14.94566917 -9.27649117],[14.04980373 14.0155077  -9.21389389],[ 14.64141846  14.58795547 -11.35439587]
,,,,,,
42:33.6,577710,67.43971012,249.4055754,[15.11656189 14.93809032 -9.27483368],[14.04202652 14.01150131 -9.22672176],[ 14.63407898  14.5625     -11.37458706]
,,,,,,
42:33.6,581708,67.8538615,103.589642,[15.11522865 14.93818855 -9.27630711],[14.03931522 14.01218414 -9.22830582],[ 14.61941338  14.55668545 -11.38730526]
,,,,,,
42:33.6,586708,67.8815094,5.529578361,[15.11713314 14.93368816 -9.28208733],[14.04746628 14.00199223 -9.23279667],[ 14.62834835  14.536623   -11.38587189]
,,,,,,
42:33.6,590708,68.36048955,119.7450393,[15.12513638 14.92896557 -9.27877617],[14.04989433 13.99669361 -9.23340416],[ 14.62146759  14.5257616  -11.39385223]
,,,,,,
42:33.6,594708,68.91288905,138.0998737,[15.12504005 14.92873859 -9.27952194],[14.05078983 13.9947567  -9.23183155],[ 14.609231    14.50875664 -11.41422653]
,,,,,,
42:33.6,598709,69.6260907,178.2558492,[15.12462521 14.92891407 -9.28146267],[14.05354786 13.98042679 -9.24724865],[ 14.5919342   14.50331211 -11.42380238]
,,,,,,
42:33.6,602707,69.77942355,38.35238841,[15.13145828 14.92155457 -9.28308105],[14.06469917 13.97284317 -9.24036884],[ 14.58593273  14.4904604  -11.43120193]
,,,,,,
42:33.6,606708,69.73837514,10.25953692,[15.1276207  14.91762161 -9.29598331],[14.06314659 13.97034073 -9.2455759 ],[ 14.58323193  14.47376633 -11.440341  ]
,,,,,,
42:33.6,611708,69.72451543,2.771943172,[15.12614346 14.91806412 -9.30243111],[14.06541252 13.96811008 -9.24264431],[ 14.57764626  14.46213818 -11.4480648 ]
,,,,,,
42:33.6,615708,69.99537323,67.71445129,[15.1261816  14.91881943 -9.3019352 ],[14.06501293 13.96450615 -9.24604702],[ 14.58475208  14.44364643 -11.45260811]
,,,,,,
42:33.6,619708,70.4740545,119.6703176,[15.12506866 14.91935253 -9.30049229],[14.06574631 13.96593761 -9.24368477],[ 14.57294178  14.4324646  -11.46379662]
,,,,,,
42:33.6,623706,70.93702334,115.8001087,[15.13154602 14.91399384 -9.29584122],[14.07196331 13.95580673 -9.24365044],[ 14.57106686  14.41714001 -11.47063255]
,,,,,,
42:33.6,627708,71.09619557,39.77317109,[15.13632488 14.90768623 -9.29819775],[14.0730772  13.95494652 -9.24034119],[ 14.55699635  14.41354561 -11.47819328]
,,,,,,
42:33.6,631709,71.68044562,146.0260075,[15.14183521 14.90373993 -9.29734707],[14.07656288 13.94615364 -9.2469511 ],[ 14.55771446  14.39209175 -11.48943138]
,,,,,,
42:33.6,636708,71.94961459,53.84456156,[15.13954926 14.90457344 -9.29820538],[14.07799053 13.93989563 -9.24973392],[ 14.54683399  14.38863659 -11.49517155]
,,,,,,
42:33.6,640708,72.01386289,16.06207703,[15.13880825 14.9026041  -9.30325317],[14.07977104 13.93454075 -9.24927139],[ 14.53892803  14.37949467 -11.50301647]
,,,,,,
42:33.6,644708,72.21180218,49.48482203,[15.15214825 14.88518143 -9.30898952],[14.07803726 13.9269352  -9.25471878],[ 14.54453182  14.35184574 -11.51018238]
,,,,,,
42:33.6,648711,72.62813959,104.0063459,[15.15159035 14.88659096 -9.30206776],[14.08131123 13.92295742 -9.25251865],[ 14.54806232  14.33639812 -11.51593781]
,,,,,,
42:33.7,652708,72.89237654,66.10882022,[15.15101051 14.88459015 -9.30807018],[14.08023357 13.91808987 -9.26144218],[ 14.5463562   14.32146263 -11.52097034]
,,,,,,
42:33.7,656710,73.06299362,42.6329546,[15.15054131 14.88354969 -9.31184578],[14.08065414 13.91506863 -9.2630949 ],[ 14.53617287  14.31717205 -11.53016853]
,,,,,,
42:33.7,661707,73.18660755,24.7376269,[15.15402317 14.87797165 -9.30952263],[14.07894325 13.91308784 -9.26420498],[ 14.5377388   14.310256   -11.52589703]
,,,,,,
42:33.7,665708,73.59458513,101.9689035,[15.15690231 14.8760519  -9.30638218],[14.08247948 13.9104538  -9.26131439],[ 14.54047585  14.28763485 -11.53380871]
,,,,,,
42:33.7,669708,73.50464339,22.48543594,[15.15609646 14.87429619 -9.31269646],[14.08590126 13.9081974  -9.25826836],[ 14.52611828  14.29015255 -11.5387373 ]
,,,,,,
42:33.7,673708,73.62570648,30.26577251,[15.15801239 14.87166977 -9.31104088],[14.08851433 13.90624523 -9.25428581],[ 14.5266552   14.27945232 -11.54148197]
,,,,,,
42:33.7,677708,73.63538712,2.420162411,[15.15493965 14.87298489 -9.31311131],[14.09347343 13.89611053 -9.25974655],[ 14.53044033  14.27551937 -11.53801155]
,,,,,,
42:33.7,681708,73.87964884,61.06542854,[15.15838623 14.86631584 -9.31727982],[14.09635735 13.8880024  -9.26168156],[ 14.51510715  14.27008152 -11.54962635]
,,,,,,
42:33.7,686708,74.30181426,84.4330843,[15.15806866 14.86549473 -9.31906033],[14.09518051 13.88269138 -9.2660656 ],[ 14.51124573  14.25169277 -11.56398392]
,,,,,,
42:33.7,690708,74.49065684,47.2106439,[15.15958309 14.86595917 -9.31332493],[14.10217857 13.87760544 -9.25908661],[ 14.51006222  14.24370575 -11.56576538]
,,,,,,
42:33.7,694709,74.51035376,4.923000141,[15.16234112 14.85964298 -9.31565857],[14.09445095 13.87759686 -9.26536274],[ 14.51293945  14.23753262 -11.56245995]
,,,,,,
42:33.7,698709,74.89085179,95.1245079,[15.16205788 14.85789585 -9.31383228],[14.09693146 13.87272549 -9.26733112],[ 14.51095486  14.22565556 -11.57152843]
,,,,,,
42:33.7,702708,75.14292604,63.0343204,[15.16136646 14.85797882 -9.3126421 ],[14.09618187 13.8699255  -9.26790142],[ 14.5052681   14.21867657 -11.57704163]
,,,,,,
42:33.7,707709,75.30049646,31.50778364,[15.16029835 14.85593319 -9.31496429],[14.09548473 13.87179375 -9.2651701 ],[ 14.49901295  14.20763588 -11.58528996]
,,,,,,
42:33.7,711709,75.09806437,50.60802446,[15.15904617 14.8553381  -9.31808186],[14.09445953 13.86860466 -9.26638603],[ 14.51554012  14.19160175 -11.57986832]
,,,,,,
42:33.7,715225,74.87958101,62.13974813,[15.15854454 14.8530674  -9.32029724],[14.09684277 13.86458683 -9.26337814],[ 14.53059292  14.17493534 -11.57657337]
,,,,,,
42:33.7,719224,75.31316938,108.4241981,[15.15997124 14.85101604 -9.31562424],[14.09630108 13.86032486 -9.26825809],[ 14.51708889  14.18081474 -11.58049488]
,,,,,,
42:33.7,724224,75.58601551,54.56922669,[15.16359425 14.84445667 -9.31861305],[14.09398842 13.8557682  -9.27668381],[ 14.51668835  14.16958427 -11.58624744]
,,,,,,
42:33.7,728224,75.42869159,39.33098111,[15.16859722 14.83751297 -9.3193531 ],[14.0993557  13.85158539 -9.27079201],[ 14.51406002  14.16955185 -11.58725834]
,,,,,,
42:33.7,732227,75.201519,56.7505838,[15.16714668 14.8341198  -9.32670403],[14.09951401 13.84894848 -9.27088356],[ 14.51166248  14.16652107 -11.58928204]
,,,,,,
42:33.7,736224,75.53004599,82.19339066,[15.1709156  14.83073044 -9.32283115],[14.09941578 13.84453201 -9.27649784],[ 14.51226902  14.16266632 -11.58979225]
,,,,,,
42:33.7,740225,75.5676373,9.395480936,[15.17036438 14.83041954 -9.32165718],[14.10706997 13.83794212 -9.27528858],[ 14.51853085  14.15568829 -11.58910465]
,,,,,,
42:33.7,744225,75.68568757,29.51256643,[15.17115116 14.82888508 -9.32030296],[14.11456966 13.82909584 -9.27459049],[ 14.52130604  14.14773655 -11.59177208]
,,,,,,
42:33.7,749225,75.58984546,19.16842245,[15.17115879 14.82569885 -9.32267475],[14.11420155 13.82914352 -9.2745142 ],[ 14.5225172   14.14576817 -11.59156132]
,,,,,,
42:33.8,753225,75.6261745,9.082260725,[15.17045021 14.82299232 -9.32232189],[14.10684681 13.83133888 -9.27757359],[ 14.52485847  14.14216328 -11.5906744 ]
,,,,,,
42:33.8,757226,75.92007698,73.45725512,[15.17228985 14.82280445 -9.31653976],[14.10723877 13.83153248 -9.2746973 ],[ 14.53227425  14.12673855 -11.59691525]
,,,,,,
42:33.8,761224,75.71190032,52.07019848,[15.17428589 14.81853294 -9.31838512],[14.10797119 13.82618427 -9.27729416],[ 14.53584194  14.13020134 -11.59026051]
,,,,,,
42:33.8,765225,75.67963767,8.063648865,[15.17281532 14.81608868 -9.32296753],[14.10822678 13.82659912 -9.27473736],[ 14.53490353  14.12027454 -11.6003046 ]
,,,,,,
42:33.8,769225,75.67920044,0.109306548,[15.17451859 14.81299496 -9.3217268 ],[14.10688019 13.82369232 -9.2789278 ],[ 14.53704453  14.12394524 -11.59528351]
,,,,,,
42:33.8,774225,75.30259687,75.32071468,[15.17409515 14.81210136 -9.32420254],[14.11101818 13.81988144 -9.27653694],[ 14.54511261  14.125947   -11.58748245]
,,,,,,
42:33.8,778225,75.45547565,38.21969609,[15.17227554 14.81211853 -9.32331562],[14.10721111 13.82288742 -9.27775002],[ 14.54528618  14.12140083 -11.59269619]
,,,,,,
42:33.8,782224,75.51156155,14.02498013,[15.1714716  14.81144428 -9.32062244],[14.10900116 13.81616211 -9.28095722],[ 14.54869652  14.1230917  -11.59165287]
,,,,,,
42:33.8,786224,75.30529031,51.56780892,[15.17317295 14.80754662 -9.32071209],[14.112113   13.81459045 -9.27831554],[ 14.55277729  14.12552071 -11.58652496]
,,,,,,
42:33.8,790225,75.1022859,50.73841825,[15.17614746 14.80159092 -9.31970024],[14.11787415 13.80852699 -9.27645206],[ 14.55759144  14.12948036 -11.58048439]
,,,,,,
42:33.8,794225,74.73161278,92.6682803,[15.17913246 14.79393482 -9.32272053],[14.11871338 13.80954456 -9.2712059 ],[ 14.56146908  14.13018894 -11.57835007]
,,,,,,
42:33.8,799225,74.7098851,4.345534973,[15.17644787 14.79329586 -9.32400703],[14.11653996 13.80947971 -9.27446747],[ 14.56111431  14.1331768  -11.57831955]
,,,,,,
42:33.8,803225,74.76083552,12.73760328,[15.17251301 14.79652214 -9.32178593],[14.11347103 13.81207275 -9.27558231],[ 14.56188297  14.13651848 -11.57868385]
,,,,,,
42:33.8,807226,74.50460156,64.04247908,[15.16961288 14.79748344 -9.3212328 ],[14.11167908 13.80965233 -9.27736568],[ 14.56927395  14.14277649 -11.57047939]
,,,,,,
42:33.8,811224,74.50707296,0.618160913,[15.17022705 14.7944994  -9.32118607],[14.10961533 13.81052876 -9.27883148],[ 14.57527637  14.13869476 -11.57314491]
,,,,,,
42:33.8,815224,74.18486945,80.55087922,[15.17013359 14.7895174  -9.32635498],[14.10715675 13.81262207 -9.2799015 ],[ 14.58358383  14.13746166 -11.57146549]
,,,,,,
42:33.8,819225,73.83921374,86.39232762,[15.16986656 14.78843975 -9.32484245],[14.10929966 13.81130791 -9.27672958],[ 14.59007168  14.14649105 -11.56167412]
,,,,,,
42:33.8,824225,73.74246874,19.3490016,[15.1708746  14.7864399  -9.32197094],[14.10827446 13.81058407 -9.27780819],[ 14.59803391  14.14952183 -11.55676079]
,,,,,,
42:33.8,828224,73.64963972,23.21305839,[15.16985703 14.7856102  -9.32027817],[14.11089516 13.80611801 -9.28046989],[ 14.60453892  14.15505791 -11.55220032]
,,,,,,
42:33.8,832225,73.1177852,132.9303963,[15.16873646 14.78223515 -9.32253742],[14.11163425 13.80436993 -9.28085613],[ 14.60774803  14.17437172 -11.54122257]
,,,,,,
42:33.8,836225,73.10296465,3.705137299,[15.16419411 14.7859621  -9.31851482],[14.109725   13.80604458 -9.28056526],[ 14.60612106  14.18587017 -11.54054546]
,,,,,,
42:33.8,840225,72.96988857,33.26901931,[15.16244411 14.78693199 -9.31703472],[14.10878086 13.80815029 -9.27800655],[ 14.6146307   14.18431568 -11.54016018]
,,,,,,
42:33.8,844224,72.73365856,59.07227266,[15.16176987 14.78613281 -9.31549263],[14.10497093 13.81090927 -9.27875614],[ 14.62006664  14.19421482 -11.53358459]
,,,,,,
42:33.8,849225,72.40276706,66.16506658,[15.16086864 14.78528881 -9.31324959],[14.09615803 13.81558895 -9.28313923],[ 14.6319561   14.20629406 -11.5217762 ]
,,,,,,
42:33.9,853224,72.26960709,33.29831647,[15.15498066 14.7892313  -9.30665016],[14.09218311 13.81500721 -9.28859806],[ 14.64566422  14.21547794 -11.50496101]
,,,,,,
42:33.9,857225,71.73703734,133.1091614,[15.14813995 14.79022598 -9.3149004 ],[14.09200478 13.81995773 -9.28288269],[ 14.64341736  14.22443867 -11.50696087]
,,,,,,
42:33.9,861225,71.14102379,149.0033871,[15.14615726 14.78990459 -9.31493378],[14.0909462  13.82074738 -9.2815876 ],[ 14.65938377  14.23390484 -11.49073982]
,,,,,,
42:33.9,865224,71.03354456,26.87652683,[15.14705276 14.7881546  -9.30957985],[14.08192253 13.82831669 -9.28399181],[ 14.66548347  14.24689198 -11.48638439]
,,,,,,
42:33.9,869226,70.54170529,122.8983665,[15.14327335 14.7900753  -9.30932617],[14.08259487 13.82949352 -9.28267574],[ 14.68233395  14.25342083 -11.4736557 ]
,,,,,,
42:33.9,874225,70.037987,100.7638121,[15.14326096 14.78778553 -9.3092823 ],[14.07833672 13.83409405 -9.27815819],[ 14.6806612   14.27371788 -11.46704006]
,,,,,,
42:33.9,878224,69.44170979,149.106579,[15.14087868 14.78705597 -9.3093977 ],[14.0647974  13.84710693 -9.27707481],[ 14.69445038  14.28396225 -11.45468426]
,,,,,,
42:33.9,882224,69.1027378,84.74299766,[15.13446999 14.79234505 -9.30726337],[14.07269382 13.83784008 -9.28081322],[ 14.69520283  14.31165504 -11.44128799]
,,,,,,
42:33.9,886227,68.57740323,131.2352142,[15.12723351 14.79659271 -9.30436611],[14.06926727 13.84735394 -9.27412605],[ 14.70538235  14.32581902 -11.42783546]
,,,,,,
42:33.9,890225,69.15276643,143.9127544,[15.12985039 14.79562283 -9.29724407],[14.05909824 13.85162926 -9.28396225],[ 14.71257877  14.3170948  -11.43795967]
,,,,,,
42:33.9,894224,68.5013109,162.9046071,[15.12334251 14.797719   -9.29658508],[14.05398846 13.85926533 -9.2794838 ],[ 14.71560764  14.34218788 -11.42470837]
,,,,,,
42:33.9,899226,68.15139189,69.95582055,[15.12321472 14.79621506 -9.2970314 ],[14.05618    13.86074734 -9.27475834],[ 14.71805096  14.35307312 -11.42138195]
,,,,,,
42:33.9,903225,67.63026776,130.3136115,[15.12196636 14.7959547  -9.29613018],[14.04933834 13.86542988 -9.27588749],[ 14.73357582  14.36266041 -11.40808773]
,,,,,,
42:33.9,907225,67.0994593,132.7021135,[15.12185001 14.79541397 -9.29200172],[14.03857613 13.88045025 -9.2735033 ],[ 14.74354267  14.38365364 -11.39261246]
,,,,,,
42:33.9,911225,66.69370168,101.4394049,[15.11646175 14.79905891 -9.29230881],[14.03070927 13.8829546  -9.28071117],[ 14.74297333  14.41095448 -11.38101578]
,,,,,,
42:33.9,915225,66.30519708,97.12614944,[15.10595703 14.80670834 -9.28934956],[14.02654743 13.89190006 -9.27614212],[ 14.7474308   14.43047619 -11.37500477]
,,,,,,
42:33.9,919224,66.04220788,65.7637414,[15.10011864 14.81176376 -9.2856102 ],[14.02478027 13.89763069 -9.27552032],[ 14.76070118  14.43798256 -11.36410713]
,,,,,,
42:33.9,924224,65.58455,91.53157724,[15.09254169 14.81858349 -9.28599739],[14.02027607 13.90439415 -9.27453804],[ 14.75920391  14.46407413 -11.35729218]
,,,,,,
42:33.9,928224,65.45609246,32.11438397,[15.08426476 14.82452869 -9.28293324],[14.00423717 13.90621185 -9.28911877],[ 14.76990414  14.4744482  -11.34775639]
,,,,,,
42:33.9,932226,64.57239609,220.8136866,[15.08034611 14.82448864 -9.28676987],[14.00242329 13.91485977 -9.28024006],[ 14.78001976  14.49118423 -11.33560085]
,,,,,,
42:33.9,936225,64.74768633,43.83351873,[15.08602238 14.82696056 -9.26927471],[13.99994946 13.92302227 -9.2764349 ],[ 14.77716446  14.51796436 -11.32248688]
,,,,,,
42:33.9,940225,63.85168708,223.999811,[15.08411503 14.82360649 -9.27998257],[14.00041676 13.92676735 -9.27262497],[ 14.78932762  14.5258913  -11.31517887]
,,,,,,
42:33.9,944224,63.58788242,65.96765772,[15.07706928 14.83237648 -9.27353287],[13.9921217  13.93863583 -9.27080822],[ 14.78998661  14.5503788  -11.3034277 ]
,,,,,,
42:33.9,949225,63.24912913,67.73711055,[15.07597542 14.8330183  -9.27342701],[13.98410034 13.94343185 -9.27962399],[ 14.79718208  14.56844997 -11.29110527]
,,,,,,
42:34.0,953225,62.64263175,151.6243446,[15.07152748 14.83541107 -9.27488041],[13.9867382  13.94681072 -9.27007866],[ 14.80493164  14.57866764 -11.28388691]
,,,,,,
42:34.0,957224,62.66037101,4.43592267,[15.06951427 14.84090996 -9.26653957],[13.98291874 13.95559978 -9.2659235 ],[ 14.80872059  14.58972073 -11.28086662]
,,,,,,
42:34.0,961224,61.99384118,166.6324568,[15.06463337 14.84674549 -9.26357651],[13.97864914 13.97194958 -9.25083065],[ 14.81289482  14.60785103 -11.26646137]
,,,,,,
42:34.0,965226,61.82907396,41.17122007,[15.06015301 14.85186577 -9.26007462],[13.96911621 13.9799881  -9.25751686],[ 14.81330395  14.62996578 -11.2553091 ]
,,,,,,
42:34.0,969227,61.52986932,74.78246427,[15.05345631 14.86167336 -9.25750637],[13.96347332 13.98725891 -9.25558949],[ 14.81911373  14.63916588 -11.24492836]
,,,,,,
42:34.0,974225,61.58627211,11.28507204,[15.04428482 14.87350845 -9.24702644],[13.96620369 13.98380566 -9.26069355],[ 14.82911205  14.65285492 -11.2314558 ]
,,,,,,
42:34.0,978224,61.39533783,47.74550533,[15.04835033 14.86903191 -9.24826622],[13.96229267 13.99145317 -9.2569828 ],[ 14.81945324  14.66990376 -11.23204327]
,,,,,,
42:34.0,982226,60.82119656,143.4635861,[15.04974842 14.86302567 -9.25615215],[13.9545126  13.9971571  -9.26297092],[ 14.82847214  14.67734909 -11.22362614]
,,,,,,
42:34.0,986224,60.68993823,32.83099726,[15.04506207 14.87049198 -9.24746513],[13.9586792  13.99878407 -9.25569248],[ 14.8282814   14.6953516  -11.21315765]
,,,,,,
42:34.0,990226,60.05482166,158.6997947,[15.03208542 14.88361454 -9.24768353],[13.96010685 13.99923515 -9.25485229],[ 14.84504986  14.70412064 -11.19517517]
,,,,,,
42:34.0,994225,60.57955998,131.2173844,[15.03030396 14.8894062  -9.23819923],[13.9508543  14.00723267 -9.25865269],[ 14.83581448  14.71389675 -11.19953918]
,,,,,,
42:34.0,999224,60.40424913,35.06918366,[15.03212929 14.88890743 -9.23943901],[13.94440079 14.01417065 -9.25817871],[ 14.8303566   14.72568703 -11.19766998]
,,,,,,
42:34.0,3224,60.26325053,0.141564857,[15.03089523 14.88973236 -9.24004078],[13.94069099 14.01829243 -9.25851822],[ 14.83145428  14.73118973 -11.19577122]
,,,,,,
42:34.0,7225,59.87218282,97.74249195,[15.02497673 14.89643288 -9.24060535],[13.94036007 14.02079487 -9.25590134],[ 14.83429813  14.74245071 -11.1864872 ]
,,,,,,
42:34.0,11226,59.5940289,69.52109808,[15.02404213 14.89669991 -9.23952866],[13.9394846  14.02432346 -9.25256824],[ 14.83578587  14.75032616 -11.17656231]
,,,,,,
42:34.0,15226,59.53405128,14.9944067,[15.02511311 14.89659119 -9.23670673],[13.93033504 14.0330019  -9.25258732],[ 14.83329678  14.76247025 -11.17529583]
,,,,,,
42:34.0,19224,59.31667457,54.37136297,[15.01524353 14.90711021 -9.23522949],[13.93501377 14.03774452 -9.24130821],[ 14.83381271  14.76461315 -11.17008495]
,,,,,,
42:34.0,24224,59.42437002,21.53909111,[15.01590157 14.91023731 -9.22928047],[13.9396143  14.03041458 -9.24447441],[ 14.83084202  14.77811718 -11.16501617]
,,,,,,
42:34.0,28225,59.18469845,59.90291723,[15.02159977 14.9060545  -9.22515202],[13.93688679 14.03508568 -9.24069405],[ 14.83731842  14.78339386 -11.15421581]
,,,,,,
42:34.0,32224,59.48998283,76.34017895,[15.02084255 14.90857887 -9.22045231],[13.92907333 14.04226494 -9.24359035],[ 14.83755112  14.77997875 -11.15605831]
,,,,,,
42:34.0,36224,59.53196837,10.49638654,[15.0194931  14.91173744 -9.21552849],[13.92549419 14.05131721 -9.23607826],[ 14.83510017  14.78402996 -11.15589142]
,,,,,,
42:34.0,40224,59.21800833,78.49001138,[15.02122688 14.90782833 -9.21984386],[13.92797279 14.05214691 -9.23165226],[ 14.82945824  14.79325485 -11.15261555]
,,,,,,
42:34.0,44226,59.19066413,6.832633558,[15.0152998  14.91304493 -9.22084427],[13.93164349 14.04377747 -9.2363596 ],[ 14.83265305  14.79084778 -11.14980888]
,,,,,,
42:34.0,49225,59.24316439,10.50215283,[15.01573372 14.91352654 -9.22206497],[13.92757416 14.04962921 -9.23373318],[ 14.82906532  14.78922749 -11.15590858]
,,,,,,
42:34.1,53225,59.1709841,18.04507219,[15.01221275 14.91817093 -9.21948338],[13.92327213 14.05800056 -9.22696781],[ 14.82471848  14.79510403 -11.15401936]
,,,,,,
42:34.1,57225,58.94362737,56.83918418,[15.01510239 14.91644955 -9.22016907],[13.92097092 14.05903435 -9.22958946],[ 14.82617188  14.80152035 -11.14359188]
,,,,,,
42:34.1,61225,59.15940942,53.9455128,[15.01624775 14.91724873 -9.21764755],[13.926054   14.05347919 -9.23126125],[ 14.82356644  14.80127621 -11.14421272]
,,,,,,
42:34.1,65224,59.28424102,31.21570533,[15.0180378  14.91756535 -9.21520042],[13.92931271 14.04986    -9.23250008],[ 14.82714272  14.79670429 -11.14309788]
,,,,,,
42:34.1,69225,59.41143779,31.79124465,[15.02151299 14.9161396  -9.21317005],[13.93234921 14.04832458 -9.23107529],[ 14.82104778  14.80155087 -11.14400864]
,,,,,,
42:34.1,74224,59.32943187,16.40446463,[15.02171326 14.91715908 -9.21409512],[13.93516922 14.047122   -9.22852707],[ 14.82095909  14.80040359 -11.14249229]
,,,,,,
42:34.1,78226,59.50532047,43.95017437,[15.02264404 14.91719246 -9.21225739],[13.93645382 14.0455389  -9.22868252],[ 14.81763744  14.79949665 -11.1445446 ]
,,,,,,
42:34.1,82226,59.62444468,29.78105103,[15.02525997 14.9170599  -9.2091589 ],[13.93425465 14.04668522 -9.22942162],[ 14.81697083  14.79882717 -11.14240646]
,,,,,,
42:34.1,86225,59.69780748,18.34528789,[15.02772141 14.91764164 -9.2054739 ],[13.9335537  14.04968166 -9.22525406],[ 14.81550217  14.7982378  -11.14043713]
,,,,,,
42:34.1,90224,60.10472448,101.7546876,[15.03235817 14.91686535 -9.19881153],[13.93537617 14.04862499 -9.22390366],[ 14.81217003  14.79365158 -11.14308167]
,,,,,,
42:34.1,94226,59.98332827,30.33388422,[15.03351402 14.91474724 -9.20245075],[13.93656921 14.04794407 -9.2221241 ],[ 14.81027317  14.7909565  -11.14268112]
,,,,,,
42:34.1,99224,59.91128373,14.4146743,[15.03522682 14.91335201 -9.20612812],[13.9441452  14.04213905 -9.21744347],[ 14.81037426  14.78171539 -11.14559937]
,,,,,,
42:34.1,103225,59.90935423,0.482254035,[15.03640079 14.91352463 -9.20813942],[13.94801998 14.04165077 -9.21135807],[ 14.80626583  14.77521801 -11.14812946]
,,,,,,
42:34.1,107225,59.86478966,11.14114389,[15.03782749 14.91046143 -9.21296692],[13.95664978 14.03824997 -9.20428753],[ 14.79780388  14.77268791 -11.15392017]
,,,,,,
42:34.1,111224,59.83745729,6.834800724,[15.04147148 14.90528297 -9.21902561],[13.96234512 14.03251743 -9.20394325],[ 14.79094982  14.76951599 -11.15794945]
,,,,,,
42:34.1,115225,60.10954156,68.00406704,[15.04392242 14.90465069 -9.21903038],[13.96465111 14.0325489  -9.19835663],[ 14.7822504   14.75896549 -11.16558456]
,,,,,,
42:34.1,119225,60.21456534,26.25594464,[15.05282116 14.89923954 -9.21834373],[13.97163868 14.0299902  -9.19789314],[ 14.78033447  14.75558472 -11.15897655]
,,,,,,
42:34.1,124226,60.57740034,72.55248915,[15.05561447 14.89933777 -9.21506214],[13.96927452 14.03055763 -9.20039082],[ 14.77606773  14.75111961 -11.16273403]
,,,,,,
42:34.1,128225,60.7387708,40.3527032,[15.05931187 14.89466572 -9.21995354],[13.97782326 14.01736736 -9.20189476],[ 14.77161503  14.73818111 -11.17120075]
,,,,,,
42:34.1,132225,61.17400505,108.8085639,[15.06243324 14.89518929 -9.21698284],[13.97929096 14.01656532 -9.20147133],[ 14.7683506   14.72590733 -11.17791271]
,,,,,,
42:34.1,136224,61.48407927,77.53793928,[15.06769562 14.89110565 -9.21802139],[13.98558903 14.01067924 -9.20235252],[ 14.76180458  14.71795177 -11.18398666]
,,,,,,
42:34.1,140226,61.90428837,104.9997733,[15.07074547 14.88953018 -9.21666431],[13.98870182 14.00371933 -9.20271397],[ 14.75910282  14.69996262 -11.19236755]
,,,,,,
42:34.1,144225,61.59987946,76.12125724,[15.07342815 14.88665104 -9.22371769],[13.99715137 13.99801254 -9.19912243],[ 14.75120735  14.70386505 -11.1876049 ]
,,,,,,
42:34.1,149225,61.70743486,21.511081,[15.07430077 14.88612175 -9.22897911],[13.99772358 13.99932671 -9.19211388],[ 14.74705887  14.68549728 -11.20188713]
,,,,,,
42:34.2,153224,62.03998774,83.1590083,[15.07312965 14.88981342 -9.22522545],[14.00159073 14.00556946 -9.17888832],[ 14.74463558  14.66686153 -11.21205235]
,,,,,,
42:34.2,157225,62.62723571,146.7752985,[15.08061028 14.88436127 -9.22417641],[13.99939346 14.00118351 -9.18651962],[ 14.73111343  14.66297245 -11.22165585]
,,,,,,
42:34.2,161225,62.71884101,22.90132695,[15.08972931 14.8761797  -9.22449493],[14.00043678 13.99777222 -9.18534184],[ 14.72840309  14.65518188 -11.22144413]
,,,,,,
42:34.2,165225,62.94949286,57.66296135,[15.10021877 14.87054443 -9.21865082],[14.00379181 13.99838638 -9.17935848],[ 14.72444057  14.65054607 -11.21705246]
,,,,,,
42:34.2,169224,63.03580123,21.58248783,[15.10138035 14.86972141 -9.22710037],[14.02050114 13.98154259 -9.18044758],[ 14.71857834  14.63661194 -11.22284222]
,,,,,,
42:34.2,174225,63.61676933,116.1703868,[15.1097784  14.86198997 -9.22779369],[14.0218153  13.97595406 -9.18233871],[ 14.71316051  14.61325455 -11.23818684]
,,,,,,
42:34.2,178225,64.08028144,115.8780266,[15.11391449 14.8592453  -9.22551346],[14.02280235 13.97817421 -9.17727375],[ 14.70208454  14.60049725 -11.24644184]
,,,,,,
42:34.2,182224,64.3687873,72.14450221,[15.11736202 14.85361099 -9.23060131],[14.0289917  13.97119522 -9.17582417],[ 14.69294643  14.58357334 -11.25872803]
,,,,,,
42:34.2,186225,64.51143327,35.65257951,[15.12011719 14.85200405 -9.23308086],[14.03626251 13.96121693 -9.17578411],[ 14.6888361   14.57376671 -11.26362801]
,,,,,,
42:34.2,190225,64.83081372,79.84511218,[15.1242857  14.85228062 -9.22332573],[14.04688358 13.95880032 -9.16342258],[ 14.68298912  14.56659603 -11.25852585]
,,,,,,
42:34.2,194225,64.91889547,22.02043743,[15.12497044 14.85152721 -9.22743416],[14.04687881 13.9547348  -9.16391659],[ 14.67572784  14.55724239 -11.26155281]
,,,,,,
42:34.2,199225,65.5484162,125.9041454,[15.13439178 14.8431015  -9.22877407],[14.05580044 13.94569016 -9.16551495],[ 14.66680717  14.53654957 -11.27608204]
,,,,,,
42:34.2,203224,65.7223858,43.50327567,[15.14058304 14.83441448 -9.23483658],[14.06225395 13.9369154  -9.16571045],[ 14.65746021  14.52453518 -11.28472233]
,,,,,,
42:34.2,207225,66.06308942,85.15461693,[15.14747429 14.82943439 -9.23141098],[14.07223892 13.92931271 -9.15855026],[ 14.65465641  14.50601578 -11.28922272]
,,,,,,
42:34.2,211225,66.29541197,58.08063725,[15.15352631 14.82411385 -9.23430538],[14.08194828 13.92060852 -9.15443611],[ 14.65059185  14.48692226 -11.29882526]
,,,,,,
42:34.2,215225,66.34294597,11.88350023,[15.15106678 14.82403469 -9.24403477],[14.08069324 13.91238785 -9.16580677],[ 14.64005756  14.48362064 -11.29711723]
,,,,,,
42:34.2,219224,67.29633235,238.4061973,[15.16024208 14.81723118 -9.23602772],[14.07894611 13.91377163 -9.16395473],[ 14.63428307  14.45621777 -11.31562996]
,,,,,,
42:34.2,224225,67.44126282,28.98029772,[15.1654911  14.81380653 -9.23880672],[14.09047985 13.90302372 -9.15891457],[ 14.63407707  14.43490028 -11.32262039]
,,,,,,
42:34.2,228224,68.32863649,221.8988916,[15.17291737 14.8093071  -9.23675632],[14.09757137 13.89603996 -9.1607132 ],[ 14.61396313  14.42195797 -11.34242153]
,,,,,,
42:34.2,232224,68.23440935,23.55678494,[15.17259502 14.80863571 -9.2406435 ],[14.1013155  13.89309692 -9.15529823],[ 14.61676311  14.40324593 -11.34154701]
,,,,,,
42:34.2,236225,68.25721482,5.699941262,[15.17550564 14.80609035 -9.24349499],[14.11019516 13.88054562 -9.15904236],[ 14.62383461  14.38872242 -11.33632755]
,,,,,,
42:34.2,240225,68.89787537,160.1651389,[15.18610668 14.79362297 -9.24815369],[14.10475445 13.88021278 -9.16615295],[ 14.60555267  14.37500954 -11.35313416]
,,,,,,
42:34.2,245224,69.06123531,32.67852264,[15.19130707 14.79136658 -9.24433899],[14.12005043 13.87174416 -9.15212154],[ 14.60093021  14.36071301 -11.35857487]
,,,,,,
42:34.2,249224,69.21019542,37.24002794,[15.1921072  14.78792191 -9.2546072 ],[14.12108898 13.86455345 -9.1585083 ],[ 14.59404087  14.34399796 -11.36678886]
,,,,,,
42:34.3,253224,69.84796867,159.4433137,[15.20041084 14.78290367 -9.25109673],[14.12928486 13.85989666 -9.15451241],[ 14.58059788  14.33086681 -11.38199615]
,,,,,,
42:34.3,257226,70.75906953,227.6613849,[15.2042017  14.78122139 -9.24819088],[14.12714291 13.8495636  -9.16747093],[ 14.57450581  14.30956173 -11.39655113]
,,,,,,
42:34.3,261226,71.47397074,178.7253011,[15.21092987 14.77885246 -9.2410059 ],[14.12719059 13.85086632 -9.16358852],[ 14.56948471  14.28617477 -11.40759087]
,,,,,,
42:34.3,265225,70.82935309,161.1947118,[15.21140003 14.77533722 -9.25529194],[14.12390709 13.85563278 -9.16335487],[ 14.57606983  14.27916336 -11.39763546]
,,,,,,
42:34.3,269224,71.18817082,89.72686523,[15.21405411 14.77563763 -9.25235462],[14.13146591 13.85017395 -9.16088772],[ 14.57290173  14.2652607  -11.39806461]
,,,,,,
42:34.3,274224,71.76568737,115.5033104,[15.21515369 14.77364254 -9.25180149],[14.13831234 13.84055424 -9.16144657],[ 14.55938244  14.25193691 -11.41606712]
,,,,,,
42:34.3,278225,72.06836141,75.64959675,[15.21670914 14.77052879 -9.25669098],[14.1394949  13.83518124 -9.16723919],[ 14.55625248  14.23554134 -11.42413807]
,,,,,,
42:34.3,282226,72.02065916,11.92258254,[15.22130775 14.76450729 -9.26690292],[14.14917088 13.82158184 -9.17164516],[ 14.54538727  14.23391056 -11.4291544 ]
,,,,,,
42:34.3,286225,72.71941467,174.7325605,[15.22349834 14.76287651 -9.26753426],[14.15526581 13.8142767  -9.17156696],[ 14.53715801  14.20485592 -11.45175743]
,,,,,,
42:34.3,290224,73.23981151,130.1317441,[15.22963428 14.75985146 -9.26387024],[14.15695858 13.80829334 -9.17475605],[ 14.53375626  14.19181919 -11.46055698]
,,,,,,
42:34.3,294224,73.36853966,32.18203843,[15.23139477 14.75686169 -9.26720047],[14.15488815 13.80809879 -9.17712402],[ 14.53076553  14.18237877 -11.4629879 ]
,,,,,,
42:34.3,299225,73.5807455,42.43268026,[15.23810673 14.74937153 -9.27381992],[14.15704441 13.79740524 -9.18692303],[ 14.52536678  14.17413521 -11.46821785]
,,,,,,
42:34.3,303225,74.06771547,121.7424937,[15.2399435  14.74987125 -9.26941967],[14.15770721 13.80333042 -9.17867088],[ 14.52492237  14.14821815 -11.483675  ]
,,,,,,
42:34.3,307225,74.45170307,95.99689812,[15.23825264 14.75409698 -9.26595116],[14.15450859 13.8032074  -9.18545437],[ 14.52509975  14.14282131 -11.48019028]
,,,,,,
42:34.3,311225,74.71240483,65.17544162,[15.24092197 14.75067329 -9.26987743],[14.15975571 13.79571724 -9.18730354],[ 14.52919102  14.1182375  -11.49220467]
,,,,,,
42:34.3,315225,75.29439289,145.4970139,[15.24208355 14.74734116 -9.27483749],[14.16344166 13.79081821 -9.19117546],[ 14.51601601  14.09923935 -11.51757717]
,,,,,,
42:34.3,319225,75.55201463,64.40543466,[15.23780823 14.75210857 -9.27214622],[14.16647625 13.78334045 -9.19359589],[ 14.51391697  14.09365463 -11.51745033]
,,,,,,
42:34.3,324225,75.43413434,23.57605755,[15.23459053 14.7532692  -9.27979946],[14.17480469 13.7702198  -9.19539165],[ 14.5082283   14.08938122 -11.5210104 ]
,,,,,,
42:34.3,328225,75.8874776,113.3358161,[15.23783875 14.75037098 -9.27911377],[14.18086815 13.7599411  -9.19934177],[ 14.4987011   14.08111668 -11.53081703]
,,,,,,
42:34.3,332224,75.9029307,3.86423977,[15.24099731 14.74619198 -9.28157043],[14.17054176 13.77026844 -9.19598007],[ 14.50243568  14.06359863 -11.53639603]
,,,,,,
42:34.3,336227,76.57972355,169.0714083,[15.2445364  14.74300385 -9.28098392],[14.17385101 13.76713943 -9.19709206],[ 14.49483585  14.04009819 -11.55965233]
,,,,,,
42:34.3,340226,76.743006,40.83082083,[15.24355602 14.74216461 -9.28503895],[14.16597939 13.76701164 -9.20621586],[ 14.49276733  14.03459644 -11.56184196]
,,,,,,
42:34.3,344225,77.09562536,88.17688452,[15.24114227 14.74519157 -9.28575516],[14.17012119 13.75759315 -9.21095181],[ 14.48690987  14.02550125 -11.5700407 ]
,,,,,,
42:34.3,349224,77.25645582,32.17252585,[15.23988247 14.74442196 -9.28625488],[14.17041874 13.75733376 -9.21071911],[ 14.48503304  14.01690769 -11.57504463]
,,,,,,
42:34.4,353225,76.98168035,68.67669758,[15.23844814 14.74267197 -9.29029655],[14.1619854  13.75888443 -9.21264362],[ 14.48482609  14.0194664  -11.56811619]
,,,,,,
42:34.4,357226,77.03252886,12.70895102,[15.23833942 14.74138927 -9.28967571],[14.1623745  13.75564766 -9.2125597 ],[ 14.48574829  14.01362801 -11.56676006]
,,,,,,
42:34.4,361225,77.54348919,127.7720262,[15.23831463 14.7423687  -9.28835201],[14.1693449  13.74670124 -9.21615028],[ 14.48060322  14.00119019 -11.58132362]
,,,,,,
42:34.4,365227,77.79115837,61.88635061,[15.23755932 14.74017715 -9.29153824],[14.17005634 13.74502563 -9.21523952],[ 14.47042274  13.98900795 -11.59449387]
,,,,,,
42:34.4,369226,77.95551211,41.09870873,[15.23633862 14.74129677 -9.2889061 ],[14.16877937 13.74505138 -9.21510315],[ 14.47670841  13.97762108 -11.59722137]
,,,,,,
42:34.4,374226,78.27705103,64.30778437,[15.23270035 14.74343967 -9.28857422],[14.17358112 13.73502731 -9.21916389],[ 14.47442532  13.96706486 -11.60310745]
,,,,,,
42:34.4,378226,78.22420808,13.21073755,[15.22896004 14.74537373 -9.29139709],[14.17367649 13.73266411 -9.21771622],[ 14.47277832  13.96140862 -11.60896397]
,,,,,,
42:34.4,382225,78.21851551,1.423498802,[15.22888088 14.74376488 -9.29065037],[14.17177963 13.7321043  -9.21946239],[ 14.48323154  13.95239162 -11.60195541]
,,,,,,
42:34.4,386225,78.4099706,47.86377422,[15.23004532 14.74108315 -9.29079342],[14.16574097 13.73338509 -9.22387409],[ 14.48322105  13.94544411 -11.60534382]
,,,,,,
42:34.4,390227,78.48079245,17.69661327,[15.22902203 14.74127579 -9.28898525],[14.1607132  13.73487473 -9.22605133],[ 14.48289871  13.94645309 -11.60432529]
,,,,,,
42:34.4,394224,78.70463379,56.00233706,[15.23023605 14.73760033 -9.29039288],[14.16077423 13.73252106 -9.22854424],[ 14.47845364  13.9392252  -11.61443806]
,,,,,,
42:34.4,399227,78.71176143,1.424672436,[15.22899723 14.73665333 -9.29125881],[14.16543674 13.72621536 -9.22895908],[ 14.48062611  13.93469906 -11.61584759]
,,,,,,
42:34.4,403225,78.706484,1.320016444,[15.22994709 14.73482323 -9.29005337],[14.16450405 13.72962284 -9.22221565],[ 14.48016548  13.92693233 -11.62235832]
,,,,,,
42:34.4,407226,78.70640593,0.019512376,[15.22895145 14.73315334 -9.29141045],[14.16378498 13.72965336 -9.22018528],[ 14.4733839   13.92660332 -11.62828445]
,,,,,,
42:34.4,411224,78.99960929,73.33750836,[15.22849846 14.7324791  -9.28839397],[14.16126251 13.72514629 -9.22832203],[ 14.4794817   13.92059422 -11.62801933]
,,,,,,
42:34.4,415224,78.80936415,47.56128467,[15.22793102 14.72947407 -9.28865719],[14.16153526 13.72284794 -9.2288065 ],[ 14.48169231  13.92622948 -11.61837196]
,,,,,,
42:34.4,419227,79.01440521,51.22184846,[15.22971916 14.7246542  -9.28721809],[14.15978241 13.71696377 -9.2379179 ],[ 14.47812748  13.93309784 -11.61840534]
,,,,,,
42:34.4,424225,78.94705976,13.47448043,[15.22802734 14.72184563 -9.29212093],[14.15591335 13.71733093 -9.24188519],[ 14.48259449  13.92567825 -11.61971188]
,,,,,,
42:34.4,428225,78.65730269,72.43926712,[15.22477436 14.71997356 -9.29638863],[14.16104317 13.71346378 -9.23762035],[ 14.49017811  13.9178772  -11.6204977 ]
,,,,,,
42:34.4,432225,78.49401522,40.82186713,[15.22233295 14.71695709 -9.29985905],[14.15982723 13.71013165 -9.23878574],[ 14.48962688  13.91839123 -11.62168217]
,,,,,,
42:34.4,436226,78.48757665,1.609240867,[15.2224741  14.71513653 -9.2975502 ],[14.15839005 13.70880413 -9.23911858],[ 14.49164009  13.91934109 -11.6183815 ]
,,,,,,
42:34.4,440225,78.57698739,22.35827408,[15.22322845 14.71090794 -9.29683781],[14.15494633 13.70246124 -9.24788666],[ 14.49599743  13.91969585 -11.61583805]
,,,,,,
42:34.4,444225,78.4515839,31.35087256,[15.22044468 14.71054649 -9.29384899],[14.15974045 13.69991302 -9.23954582],[ 14.50062943  13.91448402 -11.61614323]
,,,,,,
42:34.4,449225,78.47614965,4.91315,[15.21846676 14.71060753 -9.28964901],[14.1612072  13.6981144  -9.23676491],[ 14.50079727  13.91663647 -11.61556625]
,,,,,,
42:34.5,453227,78.29547301,45.14658472,[15.2151413  14.70828533 -9.29211521],[14.15907192 13.69695473 -9.2367878 ],[ 14.49824047  13.92100143 -11.61565495]
,,,,,,
42:34.5,457225,78.15362409,35.4799703,[15.21065235 14.707654   -9.29345608],[14.15341759 13.69872284 -9.2376833 ],[ 14.50003815  13.92174053 -11.61365509]
,,,,,,
42:34.5,461224,77.89177549,65.47852053,[15.21261215 14.70161915 -9.2954483 ],[14.14817619 13.69901848 -9.2407074 ],[ 14.51054192  13.92062855 -11.6050539 ]
,,,,,,
42:34.5,465225,77.72368635,42.0117825,[15.2162466  14.69212532 -9.29437923],[14.1476202  13.69863796 -9.23818493],[ 14.51014519  13.92598629 -11.60309696]
,,,,,,
42:34.5,469225,77.69252763,7.789679859,[15.21127129 14.69266701 -9.29374027],[14.14577675 13.69579697 -9.24127865],[ 14.51361179  13.92756653 -11.60101318]
,,,,,,
42:34.5,474225,77.31661127,75.1832726,[15.20777702 14.69244385 -9.29397678],[14.14532089 13.6945734  -9.2396946 ],[ 14.52306652  13.9326582  -11.59129333]
,,,,,,
42:34.5,478225,77.09016511,56.61153944,[15.20531368 14.68884754 -9.29577255],[14.13764191 13.69664574 -9.2413063 ],[ 14.52173424  13.93944263 -11.58760738]
,,,,,,
42:34.5,482225,76.9043171,46.46200212,[15.20486355 14.68669415 -9.29262543],[14.13612938 13.6971426  -9.23829842],[ 14.53028107  13.93994999 -11.58162498]
,,,,,,
42:34.5,486225,76.46496694,109.8375393,[15.20726871 14.67765903 -9.29215908],[14.13573647 13.69428444 -9.23905087],[ 14.5501194   13.94026566 -11.56635761]
,,,,,,
42:34.5,490225,76.46695125,0.496078296,[15.20596886 14.6778059  -9.28402901],[14.13166332 13.69795513 -9.23387432],[ 14.5474453   13.95003796 -11.56453323]
,,,,,,
42:34.5,494225,76.21404071,63.22763715,[15.19414043 14.68454552 -9.28714943],[14.1298275  13.69668007 -9.23576069],[ 14.55139542  13.95547771 -11.56343365]
,,,,,,
42:34.5,499226,75.78384744,86.0214491,[15.19121933 14.68266296 -9.2882309 ],[14.13033009 13.69612122 -9.2334013 ],[ 14.56101131  13.96053219 -11.55205345]
,,,,,,
42:34.5,503225,75.6793615,26.12801656,[15.18823719 14.68239498 -9.28630161],[14.12901211 13.6947422  -9.23457146],[ 14.56710815  13.96424103 -11.54931641]
,,,,,,
42:34.5,507225,75.60153638,19.45628106,[15.18849945 14.68154621 -9.27912235],[14.13138962 13.69212341 -9.23228645],[ 14.57015705  13.97637081 -11.54254627]
,,,,,,
42:34.5,511224,75.34333404,64.56672676,[15.188797   14.67861748 -9.27763939],[14.1303339  13.69382668 -9.22884274],[ 14.57357407  13.98383427 -11.53892708]
,,,,,,
42:34.5,515225,74.97586239,91.84494989,[15.18966293 14.67571735 -9.27599144],[14.12699795 13.69588947 -9.2281456 ],[ 14.57308388  14.00370121 -11.52749825]
,,,,,,
42:34.5,519225,74.57089188,101.2426289,[15.19116211 14.67274666 -9.27257538],[14.126297   13.69589233 -9.22687054],[ 14.5884819   14.01170731 -11.51249981]
,,,,,,
42:34.5,524225,74.26605807,60.9667605,[15.18889904 14.6722784  -9.26987267],[14.12134743 13.69700241 -9.22868156],[ 14.59639168  14.02449894 -11.50246906]
,,,,,,
42:34.5,528225,73.90549037,90.14192639,[15.18544865 14.67205429 -9.26849747],[14.11889744 13.70096588 -9.2256279 ],[ 14.60346508  14.033494   -11.49273109]
,,,,,,
42:34.5,532227,73.8755846,7.472706422,[15.18323421 14.67004776 -9.26845741],[14.1094923  13.70658779 -9.22920799],[ 14.60514069  14.0370779  -11.49657249]
,,,,,,
42:34.5,536742,73.14822519,161.0984279,[15.17564774 14.67487049 -9.26878834],[14.10104656 13.71605206 -9.22403812],[ 14.61073685  14.05849266 -11.48112106]
,,,,,,
42:34.5,540265,72.40330918,211.4436607,[15.17482376 14.67068005 -9.27253628],[14.10419369 13.71613789 -9.220191  ],[ 14.618186    14.07585526 -11.46439362]
,,,,,,
42:34.5,544263,72.09808092,76.34523727,[15.17229939 14.67111874 -9.26946449],[14.10133266 13.71514893 -9.22562599],[ 14.62883759  14.09207535 -11.4497366 ]
,,,,,,
42:34.5,549263,71.78938118,61.73994849,[15.17157173 14.66874981 -9.26672649],[14.09829712 13.72112179 -9.22107697],[ 14.63401413  14.10255146 -11.44436169]
,,,,,,
42:34.6,553263,71.29981315,122.3920071,[15.16514111 14.67151165 -9.26838303],[14.09672737 13.72137451 -9.22152424],[ 14.64034653  14.11738205 -11.43432903]
,,,,,,
42:34.6,557263,70.9950599,76.18831242,[15.16168976 14.672822   -9.26385403],[14.0915575  13.72758102 -9.21403599],[ 14.64069843  14.12935543 -11.42831421]
,,,,,,
42:34.6,561264,70.53232112,115.6557806,[15.15435219 14.67545223 -9.26155186],[14.08627701 13.72965336 -9.217103  ],[ 14.65568638  14.14235687 -11.41121674]
,,,,,,
42:34.6,565262,70.27167237,65.19478417,[15.15183544 14.67461872 -9.26068974],[14.07257462 13.73915386 -9.21992207],[ 14.65135288  14.16333294 -11.40802383]
,,,,,,
42:34.6,569262,69.98431567,71.83917573,[15.14491367 14.67715549 -9.26117134],[14.06280422 13.74373341 -9.22232437],[ 14.64833069  14.18078041 -11.40515995]
,,,,,,
42:34.6,574263,69.48621746,99.59972162,[15.14117336 14.67822933 -9.2561779 ],[14.06041622 13.7503624  -9.21591854],[ 14.65906906  14.19654655 -11.39146233]
,,,,,,
42:34.6,578263,69.00674451,119.8682394,[15.14134502 14.67395306 -9.25896168],[14.05372429 13.75470543 -9.21816349],[ 14.66570568  14.20939064 -11.38406086]
,,,,,,
42:34.6,582262,68.57045717,109.0991084,[15.13766289 14.67433643 -9.25705814],[14.04646111 13.76162529 -9.21876812],[ 14.66524982  14.23617363 -11.37218857]
,,,,,,
42:34.6,586263,68.18591641,96.1111613,[15.13526344 14.67896843 -9.24897671],[14.04816818 13.76564312 -9.20953846],[ 14.67331314  14.25237751 -11.35853481]
,,,,,,
42:34.6,590264,67.59260197,148.2915391,[15.13003063 14.68026543 -9.25028801],[14.04101944 13.7732811  -9.20772076],[ 14.67210674  14.27895451 -11.348876  ]
,,,,,,
42:34.6,594263,67.35645717,59.0509631,[15.11645031 14.69472408 -9.23898602],[14.02480888 13.78989887 -9.20722389],[ 14.67924309  14.30344391 -11.33336926]
,,,,,,
42:34.6,599264,66.68804529,133.6556442,[15.11156654 14.69619846 -9.24494648],[14.02289867 13.79829025 -9.20228672],[ 14.69181061  14.30812359 -11.32683277]
,,,,,,
42:34.6,603263,66.50361143,46.11999544,[15.10212326 14.7053299  -9.2380085 ],[14.02105999 13.80314255 -9.19874382],[ 14.69900036  14.3225174  -11.3211174 ]
,,,,,,
42:34.6,607264,65.42594783,269.3485623,[15.10502529 14.69912052 -9.24439144],[14.00920391 13.81173611 -9.20405674],[ 14.71233463  14.35005856 -11.2958746 ]
,,,,,,
42:34.6,611264,65.4021662,5.945407179,[15.10131836 14.70092583 -9.24280357],[14.00512123 13.81294727 -9.20912838],[ 14.71326828  14.36238194 -11.29673862]
,,,,,,
42:34.6,615263,65.00807179,98.5482401,[15.09387398 14.7098608  -9.23381519],[13.9995966  13.81630707 -9.21225834],[ 14.71930599  14.39550495 -11.27571678]
,,,,,,
42:34.6,619265,64.37132264,159.1077339,[15.08867931 14.71227074 -9.23832321],[13.98701477 13.83692837 -9.20622635],[ 14.72266388  14.41057014 -11.2700901 ]
,,,,,,
42:34.6,624266,64.26573321,21.11366241,[15.08013916 14.72068119 -9.23330784],[13.98934841 13.83131218 -9.21187115],[ 14.7261467   14.43259621 -11.26423645]
,,,,,,
42:34.6,628264,63.73638679,132.402807,[15.07219219 14.73201275 -9.22672558],[13.9808588  13.8419199  -9.21100426],[ 14.73969364  14.4535799  -11.2430439 ]
,,,,,,
42:34.6,632263,63.57327065,40.78923322,[15.06604671 14.73875618 -9.22317982],[13.97146225 13.8538208  -9.20606041],[ 14.73178577  14.4766264  -11.24547863]
,,,,,,
42:34.6,636262,62.95337831,155.0118362,[15.06615543 14.74236965 -9.21330738],[13.9770422  13.86485386 -9.19014454],[ 14.74086094  14.50364304 -11.22244453]
,,,,,,
42:34.6,640263,61.91253254,260.1464073,[15.05591965 14.74989891 -9.22124481],[13.96803665 13.87637424 -9.18622875],[ 14.75007725  14.52283382 -11.20777321]
,,,,,,
42:34.6,644263,61.49267199,104.9651371,[15.05372334 14.75135517 -9.22412491],[13.95421219 13.88492203 -9.19768047],[ 14.75993824  14.53802967 -11.19621849]
,,,,,,
42:34.6,649263,61.37312376,23.90964613,[15.03917408 14.7702961  -9.21146202],[13.95287991 13.88877201 -9.19839764],[ 14.76764679  14.56245327 -11.1789465 ]
,,,,,,
42:34.7,653264,60.77898438,148.4977201,[15.03846455 14.77079773 -9.21300697],[13.94390392 13.90614414 -9.1921196 ],[ 14.76386929  14.59076881 -11.16981411]
,,,,,,
42:34.7,657264,60.46626067,78.18092802,[15.03673363 14.77784443 -9.20372486],[13.94312    13.91008377 -9.18655491],[ 14.77213478  14.60774899 -11.15401745]
,,,,,,
42:34.7,661265,60.45655155,2.426673096,[15.02553558 14.79727173 -9.18853092],[13.93728542 13.92066956 -9.18415928],[ 14.78029633  14.6268301  -11.13818359]
,,,,,,
42:34.7,665263,60.01106928,111.4262811,[15.02393436 14.79835224 -9.19005871],[13.92911911 13.92959118 -9.18497562],[ 14.77741432  14.65243244 -11.13094902]
,,,,,,
42:34.7,669263,59.75288449,64.54619757,[15.02560234 14.79553127 -9.19035912],[13.92552948 13.93283653 -9.1898632 ],[ 14.78492641  14.66125393 -11.12154484]
,,,,,,
42:34.7,674262,59.06008705,138.5872042,[15.01933479 14.80372429 -9.19016647],[13.91649914 13.9476099  -9.1873312 ],[ 14.78419209  14.69361877 -11.10186005]
,,,,,,
42:34.7,678263,58.92176968,34.57070034,[15.00914669 14.81533813 -9.1868782 ],[13.91682339 13.94905663 -9.18601322],[ 14.7894907   14.7002573  -11.09701729]
,,,,,,
42:34.7,682264,58.6066906,78.75008302,[15.00617599 14.82033443 -9.18300056],[13.91667366 13.96603489 -9.16870213],[ 14.78156471  14.72147655 -11.0912838 ]
,,,,,,
42:34.7,686263,58.82301435,54.09446124,[14.99817276 14.83403587 -9.16990948],[13.90689278 13.97244263 -9.17292118],[ 14.78452587  14.73492146 -11.08207607]
,,,,,,
42:34.7,690263,58.21721223,151.4505288,[15.00259495 14.83207893 -9.16705513],[13.89453888 13.98880291 -9.16626549],[ 14.79374599  14.74816608 -11.06478119]
,,,,,,
42:34.7,694263,57.98862811,57.14603108,[14.99634075 14.84056568 -9.16519451],[13.88931656 13.98919106 -9.17677307],[ 14.79647255  14.76869488 -11.05132771]
,,,,,,
42:34.7,699263,57.44598377,108.5288681,[14.99584484 14.83937168 -9.16565132],[13.88163662 14.00478458 -9.17163181],[ 14.79261494  14.7935276  -11.03479671]
,,,,,,
42:34.7,703262,57.3859992,14.99989117,[14.99012756 14.84659958 -9.1633625 ],[13.88700104 14.00149536 -9.16715527],[ 14.79111004  14.79994297 -11.0345211 ]
,,,,,,
42:34.7,707263,57.67865054,73.14454878,[14.98957348 14.85758209 -9.14519787],[13.88192844 14.00367641 -9.17090797],[ 14.79664803  14.81402969 -11.01991081]
,,,,,,
42:34.7,711263,57.6779288,0.180436849,[14.98679352 14.86136436 -9.13899708],[13.87805462 14.01174927 -9.16802597],[ 14.79313564  14.82907009 -11.01341534]
,,,,,,
42:34.7,715265,56.61252695,266.2173533,[14.98089027 14.86445141 -9.15000916],[13.87324142 14.02065754 -9.16078472],[ 14.80143929  14.83736324 -10.9988451 ]
,,,,,,
42:34.7,719263,57.12902225,129.1884197,[14.98392487 14.86957836 -9.13552189],[13.87720966 14.02424717 -9.15344715],[ 14.79659081  14.84470367 -10.9998045 ]
,,,,,,
42:34.7,724264,56.93791617,38.21357441,[14.98046017 14.8773489  -9.12877464],[13.87072372 14.03222084 -9.15294838],[ 14.80131626  14.85699654 -10.98536587]
,,,,,,
42:34.7,728263,56.78955499,37.09956759,[14.9809742  14.87697411 -9.13216305],[13.87751293 14.03086185 -9.14731407],[ 14.7949028   14.86396694 -10.98682308]
,,,,,,
42:34.7,732264,56.69573094,23.45015216,[14.98611641 14.87683678 -9.12679958],[13.87540245 14.04074001 -9.14001369],[ 14.7953558   14.87141132 -10.97753811]
,,,,,,
42:34.7,736265,56.62589881,17.4536667,[14.98363972 14.88111782 -9.12663555],[13.86825657 14.04417515 -9.14418507],[ 14.79836082  14.87111759 -10.9735651 ]
,,,,,,
42:34.7,740264,56.31624354,77.43317632,[14.98131561 14.88111973 -9.13367844],[13.86896133 14.04630661 -9.14188862],[ 14.79315472  14.87752628 -10.9726963 ]
,,,,,,
42:34.7,744262,56.24157046,18.67760891,[14.98341179 14.88364792 -9.12911701],[13.86875916 14.05265999 -9.13477898],[ 14.78802013  14.88912582 -10.96522236]
,,,,,,
42:34.7,749263,56.2071655,6.87961674,[14.98157406 14.88797474 -9.12628174],[13.87101364 14.05213165 -9.13557243],[ 14.78926849  14.89685726 -10.96019745]
,,,,,,
42:34.8,753264,56.180206,6.738190948,[14.9813652  14.89229107 -9.1192646 ],[13.871315   14.05563545 -9.1320715 ],[ 14.79330158  14.90140152 -10.9505024 ]
,,,,,,
42:34.8,757264,56.24551046,16.32611487,[14.98321819 14.89322948 -9.11712742],[13.86849117 14.06716347 -9.12404537],[ 14.79242134  14.8996172  -10.95280552]
,,,,,,
42:34.8,761779,56.40090219,34.41677316,[14.98343945 14.89472008 -9.11826324],[13.88066864 14.05636597 -9.12252617],[ 14.78814793  14.89755821 -10.95992374]
,,,,,,
42:34.8,765780,56.40582684,1.230856659,[14.98680305 14.89586258 -9.11213398],[13.88455486 14.05610561 -9.11835957],[ 14.7922163   14.89934254 -10.95270824]
,,,,,,
42:34.8,769779,56.25848815,36.843885,[14.98658848 14.89628124 -9.11888504],[13.8882885  14.04985905 -9.12142563],[ 14.78794765  14.90016747 -10.95381451]
,,,,,,
42:34.8,773780,56.25524288,0.811114402,[14.99001122 14.8950882  -9.12093067],[13.89233017 14.04796791 -9.1186161 ],[ 14.78301716  14.90132713 -10.95649529]
,,,,,,
42:34.8,777782,56.58997774,83.64189292,[14.99053669 14.89646912 -9.11911869],[13.88899422 14.05272198 -9.11993313],[ 14.78233719  14.89387894 -10.96395206]
,,,,,,
42:34.8,781779,56.74931185,39.86342595,[14.99096394 14.89827633 -9.11797523],[13.88712406 14.05497932 -9.11931705],[ 14.77344036  14.89869022 -10.96611214]
,,,,,,
42:34.8,785779,56.88584096,34.13227867,[14.99419022 14.89749336 -9.11584282],[13.88872051 14.05357075 -9.1216135 ],[ 14.77775383  14.89382648 -10.96551037]
,,,,,,
42:34.8,790780,56.98866981,20.56165665,[14.99729061 14.89696407 -9.11398411],[13.89036274 14.05181122 -9.12295532],[ 14.7773428   14.89406776 -10.96405411]
,,,,,,
42:34.8,794780,57.22231467,58.41121602,[14.99743176 14.8985014  -9.11568928],[13.89829636 14.05356789 -9.11469364],[ 14.76687241  14.89080811 -10.97467518]
,,,,,,
42:34.8,798780,57.24975938,6.86117669,[15.0007019  14.89613914 -9.11885738],[13.90274334 14.05066872 -9.11340332],[ 14.76885033  14.88145351 -10.97986603]
,,,,,,
42:34.8,802780,57.43121116,45.36294488,[15.00397015 14.89539051 -9.12131405],[13.90771389 14.04862118 -9.11105824],[ 14.77081871  14.86586666 -10.98925686]
,,,,,,
42:34.8,806780,57.52990922,24.67451559,[15.00600052 14.8955164  -9.12595844],[13.91295528 14.04545403 -9.11118317],[ 14.77144337  14.8536644  -10.99672222]
,,,,,,
42:34.8,811780,57.45276102,15.42964108,[15.01052666 14.89138317 -9.13340664],[13.9182272  14.04049587 -9.11528301],[ 14.7700386   14.85050488 -10.99847126]
,,,,,,
42:34.8,815780,57.67377908,55.25451542,[15.01664066 14.88938713 -9.14024925],[13.92630768 14.0305748  -9.12382317],[ 14.76769924  14.84085464 -11.00598145]
,,,,,,
42:34.8,819780,58.09034713,104.1420129,[15.02172375 14.88813877 -9.14513969],[13.93369579 14.02089214 -9.13012505],[ 14.76312923  14.82646465 -11.019907  ]
,,,,,,
42:34.8,823779,58.36892494,69.66186847,[15.02966022 14.88588428 -9.14258671],[13.94393635 14.01813126 -9.122756  ],[ 14.76476288  14.81203365 -11.02567101]
,,,,,,
42:34.8,827779,58.68369136,78.69160439,[15.02850628 14.89145756 -9.13800049],[13.95515919 14.01158047 -9.11969185],[ 14.76573658  14.80226707 -11.02769947]
,,,,,,
42:34.8,831779,58.91651908,58.20692912,[15.03861427 14.88295841 -9.14025307],[13.95744991 14.01423264 -9.11480141],[ 14.75640678  14.7974987  -11.03751755]
,,,,,,
42:34.8,836779,59.621214,140.9389854,[15.04670238 14.87455273 -9.14583778],[13.95835876 14.00769234 -9.12374783],[ 14.74542332  14.78012753 -11.06145954]
,,,,,,
42:34.8,840782,59.61491836,1.57273138,[15.04843521 14.87192822 -9.15422821],[13.96799755 14.00386429 -9.11652946],[ 14.73553753  14.77031994 -11.07222652]
,,,,,,
42:34.8,844779,59.84319362,57.11164913,[15.04832172 14.87137318 -9.16178608],[13.9742403  13.99810123 -9.11996269],[ 14.73558331  14.75112152 -11.08595943]
,,,,,,
42:34.8,848780,59.88844115,11.30905408,[15.05821037 14.86572933 -9.16253281],[13.98382568 13.99279308 -9.11519623],[ 14.73074627  14.74901485 -11.08586693]
,,,,,,
42:34.9,853348,60.51955145,138.1589995,[15.06579018 14.86049843 -9.1624651 ],[13.98027325 13.99281979 -9.1190052 ],[ 14.73461246  14.71954155 -11.10396385]
,,,,,,
42:34.9,856803,60.40173066,34.1015333,[15.07064247 14.85334396 -9.17537212],[13.98143959 13.99119091 -9.12014771],[ 14.7224884   14.71626759 -11.11269474]
,,,,,,
42:34.9,860813,60.77947754,94.2012166,[15.07755566 14.84922791 -9.17549992],[13.99128246 13.98485565 -9.12145329],[ 14.72080517  14.70312214 -11.11713219]
,,,,,,
42:34.9,865811,60.7826076,0.626263358,[15.07774258 14.84745884 -9.18328381],[13.98737431 13.98279953 -9.12625599],[ 14.72581291  14.68077087 -11.12194538]
,,,,,,
42:34.9,869812,61.49950113,179.1785882,[15.08104801 14.84318542 -9.18681049],[13.99682903 13.97239685 -9.12766457],[ 14.70661163  14.66673279 -11.14533424]
,,,,,,
42:34.9,873810,61.57519965,18.93409676,[15.0848608  14.84144878 -9.18818378],[13.99611092 13.97021961 -9.13015652],[ 14.70969868  14.6556015  -11.14456081]
,,,,,,
42:34.9,877815,61.91561752,84.99821898,[15.08403397 14.84089756 -9.19397545],[14.00509357 13.96619987 -9.12341499],[ 14.70375919  14.62780666 -11.1628561 ]
,,,,,,
42:34.9,881813,62.3366976,105.3226823,[15.097929   14.82508469 -9.19953728],[14.01043606 13.95257664 -9.13663578],[ 14.70175457  14.61206627 -11.16877079]
,,,,,,
42:34.9,885811,62.54930983,53.17964603,[15.0893364  14.83080864 -9.20521736],[14.01472378 13.94950962 -9.13192558],[ 14.68430519  14.60470486 -11.18427563]
,,,,,,
42:34.9,890813,62.80166403,50.45066,[15.09707546 14.82241154 -9.21247387],[14.02119255 13.93343449 -9.14085865],[ 14.67163849  14.59974957 -11.19237518]
,,,,,,
42:34.9,894813,63.83249269,257.7071657,[15.09526443 14.82633591 -9.20708752],[14.02514935 13.92799377 -9.14576817],[ 14.66530609  14.57353306 -11.21080685]
,,,,,,
42:34.9,898812,64.0158975,45.86266927,[15.10646629 14.81864166 -9.20659447],[14.03165531 13.92327976 -9.14313889],[ 14.66564083  14.55925751 -11.20887184]
,,,,,,
42:34.9,902812,64.67392304,164.506385,[15.1132679  14.81248283 -9.20706272],[14.02909184 13.92651463 -9.13807487],[ 14.64652061  14.54380608 -11.2326889 ]
,,,,,,
42:34.9,906812,65.0551417,95.30466427,[15.11828423 14.80924416 -9.20566845],[14.04032135 13.91727638 -9.13694668],[ 14.65013695  14.52165604 -11.23779202]
,,,,,,
42:34.9,911813,65.1593485,20.83719318,[15.11666775 14.80718517 -9.21392822],[14.0491972  13.9026165  -9.14115906],[ 14.6432724   14.50836658 -11.24498177]
,,,,,,
42:34.9,915815,65.44289593,70.85142981,[15.12018299 14.80253887 -9.221035  ],[14.05394936 13.90161514 -9.13408852],[ 14.62910748  14.48906994 -11.26540279]
,,,,,,
42:34.9,919813,65.66171326,54.73170015,[15.13254738 14.79027557 -9.22415543],[14.05722523 13.89553452 -9.14092255],[ 14.63420391  14.47269344 -11.26387215]
,,,,,,
42:34.9,923812,66.48266827,205.2900736,[15.12868404 14.79590988 -9.22249031],[14.06371593 13.88764286 -9.13910484],[ 14.61521053  14.45501328 -11.28939438]
,,,,,,
42:34.9,927812,66.53248697,12.45467479,[15.13228989 14.7908392  -9.22444153],[14.06519127 13.88173103 -9.14354801],[ 14.62874126  14.43255424 -11.28359795]
,,,,,,
42:34.9,931811,67.302477,192.5456439,[15.13976288 14.78600788 -9.22279835],[14.07197189 13.86871052 -9.14829826],[ 14.61400032  14.41813374 -11.2991848 ]
,,,,,,
42:34.9,936813,68.00475452,140.3993457,[15.14371204 14.78504372 -9.21861553],[14.07370949 13.86119843 -9.15200138],[ 14.60125065  14.40910244 -11.3137188 ]
,,,,,,
42:34.9,940813,67.93247803,18.06912278,[15.15054131 14.77521038 -9.2276516 ],[14.08228588 13.85543156 -9.14813709],[ 14.59854126  14.39194393 -11.31945801]
,,,,,,
42:34.9,944812,68.29823374,91.46179244,[15.15432358 14.77140427 -9.23083496],[14.07570839 13.86062813 -9.14834881],[ 14.59382343  14.36999226 -11.33077526]
,,,,,,
42:34.9,948812,68.5573216,64.7719653,[15.15246105 14.77106571 -9.23397541],[14.08202648 13.85304737 -9.14762592],[ 14.58906841  14.35160923 -11.3384161 ]
,,,,,,
42:35.0,952812,68.56127072,0.987280103,[15.15943527 14.76129913 -9.24254894],[14.09274197 13.84320545 -9.14393997],[ 14.57941151  14.33891773 -11.34773731]
,,,,,,
42:35.0,956812,69.17629941,153.7571706,[15.16579533 14.75375748 -9.24351978],[14.08781338 13.83930969 -9.15317726],[ 14.58021641  14.3125658  -11.3592186 ]
,,,,,,
42:35.0,960813,69.43996563,65.90008204,[15.1671648  14.75176716 -9.24819469],[14.09367561 13.83330441 -9.15195084],[ 14.57672882  14.29055119 -11.37110233]
,,,,,,
42:35.0,965812,69.7098607,53.98981153,[15.16466999 14.75295734 -9.25101662],[14.09915161 13.82770634 -9.15001011],[ 14.55944252  14.28607655 -11.380723  ]
,,,,,,
42:35.0,969813,70.34892907,159.7271592,[15.1727953  14.74670219 -9.24531937],[14.09721947 13.82252502 -9.15858173],[ 14.560215    14.27319241 -11.38491821]
,,,,,,
42:35.0,973811,70.46733027,29.6151088,[15.17584038 14.74183369 -9.25182724],[14.10151768 13.818326   -9.15642548],[ 14.55271912  14.25708103 -11.39377308]
,,,,,,
42:35.0,977812,70.98650579,129.7614389,[15.18110275 14.73467159 -9.25475502],[14.10610199 13.80910683 -9.16091824],[ 14.54120922  14.24166393 -11.40828228]
,,,,,,
42:35.0,981811,71.23730599,62.71572969,[15.17740345 14.73858261 -9.25557899],[14.10248566 13.8082056  -9.16236782],[ 14.53856564  14.2277441  -11.41552639]
,,,,,,
42:35.0,985812,71.30744531,17.53044796,[15.17838001 14.73544884 -9.25912952],[14.0974369  13.80969334 -9.16514683],[ 14.54526806  14.20818806 -11.4153595 ]
,,,,,,
42:35.0,990815,71.96358507,131.1492629,[15.18319702 14.73227692 -9.2548275 ],[14.10419559 13.80241966 -9.16424942],[ 14.529953    14.1988039  -11.42841911]
,,,,,,
42:35.0,994812,72.29674504,83.35250574,[15.18691158 14.72840309 -9.25408268],[14.11439133 13.79025173 -9.16551304],[ 14.53049755  14.18391705 -11.43630886]
,,,,,,
42:35.0,998812,72.64051397,85.94223172,[15.18779087 14.72584152 -9.25709057],[14.11844063 13.78291702 -9.16761017],[ 14.52032757  14.17107105 -11.44528389]
,,,,,,
42:35.0,2810,72.90850371,0.269065464,[15.19352436 14.71957397 -9.25926781],[14.11710644 13.78094292 -9.17089462],[ 14.52174473  14.15348721 -11.45210648]
,,,,,,
42:35.0,6812,72.94621731,9.423687891,[15.19650555 14.713624   -9.26525974],[14.11848164 13.77513218 -9.17390156],[ 14.52054214  14.14055252 -11.45452881]
,,,,,,
42:35.0,10811,73.1768713,57.67791815,[15.1975584  14.7095108  -9.26919842],[14.12346172 13.76659584 -9.17746544],[ 14.51729488  14.12748146 -11.46320724]
,,,,,,
42:35.0,15812,73.51703484,68.01910427,[15.19684696 14.70832539 -9.27122593],[14.11945438 13.7653904  -9.17787266],[ 14.50502586  14.11523151 -11.4778738 ]
,,,,,,
42:35.0,19811,73.65057612,33.39366915,[15.1972971  14.71026897 -9.26980209],[14.12463284 13.75925446 -9.17614841],[ 14.50868797  14.1024313  -11.47811127]
,,,,,,
42:35.0,23813,74.2483752,149.3750814,[15.20158482 14.70573997 -9.27297878],[14.12860298 13.74637604 -9.18625546],[ 14.5018692   14.08414745 -11.49434662]
,,,,,,
42:35.0,27815,74.22997816,4.596961854,[15.20109844 14.70514202 -9.27598095],[14.13178539 13.75041294 -9.17428493],[ 14.49128914  14.07387829 -11.50701427]
,,,,,,
42:35.0,31811,74.39372034,40.97652109,[15.20232201 14.70232773 -9.27629757],[14.12326431 13.74899387 -9.18449116],[ 14.48791027  14.07766056 -11.50225067]
,,,,,,
42:35.0,36814,74.64691923,50.60941369,[15.1997633  14.70439243 -9.27404308],[14.12529087 13.74332905 -9.18727493],[ 14.49608707  14.06081486 -11.50139904]
,,,,,,
42:35.0,40812,74.89602918,62.30864077,[15.19906807 14.70474243 -9.27453995],[14.12464619 13.74045467 -9.19373608],[ 14.50007057  14.05058193 -11.50234985]
,,,,,,
42:35.0,44812,75.27464773,94.65463815,[15.20288277 14.69815445 -9.27753448],[14.12329102 13.73905563 -9.19715118],[ 14.49429417  14.03549576 -11.51979065]
,,,,,,
42:35.0,48811,75.47672427,50.53176746,[15.20241547 14.69858742 -9.27667332],[14.13245964 13.72687912 -9.200284  ],[ 14.49031353  14.03434563 -11.5187664 ]
,,,,,,
42:35.1,52812,75.50751892,7.696738487,[15.202775   14.69881725 -9.27603245],[14.13145161 13.73099518 -9.1944685 ],[ 14.48382664  14.03230667 -11.5224905 ]
,,,,,,
42:35.1,57067,75.63781905,30.62282597,[15.20490837 14.69656467 -9.27586365],[14.13898373 13.72449017 -9.188097  ],[ 14.4754858   14.02456856 -11.53352356]
,,,,,,
42:35.1,61332,75.8530327,50.46041241,[15.20484734 14.69542408 -9.27606678],[14.13855743 13.72294807 -9.19055939],[ 14.4706583   14.02034664 -11.53717995]
,,,,,,
42:35.1,65332,75.90154546,12.12818788,[15.20511341 14.69276047 -9.27755356],[14.13720131 13.72181416 -9.19277668],[ 14.47566986  14.01068687 -11.53827667]
,,,,,,
42:35.1,69332,76.19372795,73.04562457,[15.20501614 14.69052505 -9.28219986],[14.13335037 13.71894932 -9.20177174],[ 14.47458458  13.99758053 -11.54709053]
,,,,,,
42:35.1,73332,75.83515227,89.6439218,[15.20240879 14.69224739 -9.28389359],[14.13483429 13.7190485  -9.19517899],[ 14.48324013  13.99147987 -11.53992081]
,,,,,,
42:35.1,78334,76.31758907,96.44878196,[15.20457554 14.69280243 -9.2770586 ],[14.14009476 13.71422386 -9.19348907],[ 14.48174381  13.98011208 -11.54988098]
,,,,,,
42:35.1,82332,76.10291129,53.69629347,[15.20462132 14.6881628  -9.28383255],[14.13977814 13.71156025 -9.1958313 ],[ 14.47770309  13.98314762 -11.55001545]
,,,,,,
42:35.1,86332,76.15059423,11.92073505,[15.20521069 14.68428802 -9.28708744],[14.13714981 13.70994282 -9.20168686],[ 14.47851181  13.98008919 -11.55159855]
,,,,,,
42:35.1,90333,76.29343578,35.7014615,[15.20611382 14.68247795 -9.28832531],[14.13607121 13.7082262  -9.20390797],[ 14.4840765   13.96568203 -11.55720711]
,,,,,,
42:35.1,94333,76.60287976,77.36099601,[15.20559406 14.68384838 -9.28478527],[14.13461304 13.7071476  -9.20605755],[ 14.47857475  13.96510983 -11.5633297 ]
,,,,,,
42:35.1,98333,76.61360158,2.680454033,[15.20537567 14.68192768 -9.28695869],[14.13630772 13.69913197 -9.21302509],[ 14.4808712   13.96528625 -11.5596056 ]
,,,,,,
42:35.1,103334,76.57693557,7.331735288,[15.20239162 14.68379021 -9.28465176],[14.13628864 13.69966507 -9.20730495],[ 14.48102951  13.96166801 -11.56190968]
,,,,,,
42:35.1,107332,76.68878121,27.97539636,[15.20328331 14.68087482 -9.28566265],[14.1322031  13.69902134 -9.21174526],[ 14.48162556  13.95676804 -11.56377983]
,,,,,,
42:35.1,111332,76.56095091,31.95757363,[15.20465851 14.67682171 -9.28846836],[14.1307621  13.69787407 -9.21257305],[ 14.48601341  13.95232487 -11.56489658]
,,,,,,
42:35.1,115332,76.52499708,8.988457401,[15.20590305 14.67508793 -9.28631496],[14.13199043 13.6991539  -9.20838833],[ 14.48798847  13.95052338 -11.56393814]
,,,,,,
42:35.1,119335,76.48744139,9.381885954,[15.20210361 14.67599678 -9.28598118],[14.12721157 13.70122719 -9.2108326 ],[ 14.49517059  13.94721699 -11.56095219]
,,,,,,
42:35.1,123333,76.41558868,17.97216465,[15.20072937 14.67537785 -9.28676605],[14.12860966 13.70330238 -9.20674324],[ 14.48855019  13.95190525 -11.56402206]
,,,,,,
42:35.1,128332,76.32450286,18.22080772,[15.20076466 14.67371368 -9.2866869 ],[14.1320858  13.69676876 -9.20939732],[ 14.49375725  13.95434666 -11.55909824]
,,,,,,
42:35.1,132332,76.52053945,49.0091463,[15.19985294 14.6742487  -9.28414917],[14.13037109 13.69232082 -9.21529388],[ 14.49214554  13.95725727 -11.55885315]
,,,,,,
42:35.1,136332,76.4769733,10.89153796,[15.19937038 14.67386723 -9.28257656],[14.13228989 13.69070244 -9.21337605],[ 14.49225426  13.9601469  -11.55933762]
,,,,,,
42:35.1,140333,76.60232945,31.33120545,[15.19949627 14.67266178 -9.27898884],[14.13310623 13.68825531 -9.2150135 ],[ 14.49792862  13.95665073 -11.55759144]
,,,,,,
42:35.1,144333,76.44159483,40.18365452,[15.20060921 14.66957188 -9.27986622],[14.13182449 13.68850994 -9.21501732],[ 14.50296783  13.95719528 -11.55582523]
,,,,,,
42:35.1,149331,76.22970915,42.39409369,[15.20040131 14.66580391 -9.28364086],[14.1286068  13.68690205 -9.21898556],[ 14.5047226   13.96170998 -11.55258751]
,,,,,,
42:35.2,153332,75.73656023,123.2564148,[15.19705105 14.66223145 -9.29181099],[14.12730312 13.68894863 -9.21602726],[ 14.50674534  13.96353531 -11.55230141]
,,,,,,
42:35.2,157335,75.74917898,3.152322484,[15.19471455 14.66327095 -9.28920269],[14.12377357 13.69004345 -9.21913338],[ 14.50819969  13.97088432 -11.54959679]
,,,,,,
42:35.2,161332,75.57696749,43.08518576,[15.19404793 14.66200256 -9.28953075],[14.12139893 13.69112873 -9.22051907],[ 14.51278973  13.9759798  -11.54568768]
,,,,,,
42:35.2,165332,75.36749967,52.36695574,[15.19019794 14.66279697 -9.29154873],[14.11977291 13.68962193 -9.2241869 ],[ 14.52179146  13.97751999 -11.5405407 ]
,,,,,,
42:35.2,169333,75.02677281,85.16042423,[15.1892395  14.66308689 -9.2902565 ],[14.11967945 13.68969917 -9.22342491],[ 14.52725029  13.9913969  -11.53125763]
,,,,,,
42:35.2,174333,74.64291603,76.77135724,[15.18721294 14.66397476 -9.28829765],[14.11904526 13.69276619 -9.22027397],[ 14.53257275  14.00568581 -11.51906681]
,,,,,,
42:35.2,178334,74.66197127,4.762620159,[15.18879509 14.66059399 -9.28793335],[14.11684704 13.69327641 -9.22145081],[ 14.54054642  13.99874496 -11.5241642 ]
,,,,,,
42:35.2,182332,74.23991898,105.5658559,[15.1865406  14.66034603 -9.28866196],[14.11491013 13.69323349 -9.22393417],[ 14.54977798  14.01103592 -11.50866795]
,,,,,,
42:35.2,186332,74.27658284,9.165965731,[15.1825552  14.66082764 -9.2890358 ],[14.10526085 13.69705486 -9.23179531],[ 14.54838371  14.01971436 -11.51046562]
,,,,,,
42:35.2,190332,74.09414065,45.61054745,[15.18126583 14.66068459 -9.28480721],[14.10324383 13.6992712  -9.22618771],[ 14.55229378  14.02464485 -11.50897884]
,,,,,,
42:35.2,194333,73.7068024,96.81036129,[15.17827511 14.66158104 -9.28306293],[14.10483932 13.69993973 -9.22186852],[ 14.55624008  14.03842068 -11.49896812]
,,,,,,
42:35.2,198332,73.72307231,4.068496278,[15.17294216 14.6653204  -9.27955914],[14.10019493 13.70147896 -9.22485352],[ 14.56467152  14.03889179 -11.49647522]
,,,,,,
42:35.2,203333,73.28313761,87.96934695,[15.16808319 14.66754532 -9.27844238],[14.09672165 13.70269108 -9.22720242],[ 14.57215405  14.0576582  -11.48152637]
,,,,,,
42:35.2,207332,72.65541609,156.9696227,[15.16825485 14.66242218 -9.28173256],[14.0964365  13.70596123 -9.22266006],[ 14.58709621  14.06080341 -11.47126198]
,,,,,,
42:35.2,211333,72.53019809,31.296674,[15.1623764  14.66451931 -9.27971935],[14.09227276 13.71013451 -9.22138214],[ 14.58305645  14.0744381  -11.47051239]
,,,,,,
42:35.2,215332,72.20799889,80.56994428,[15.1608572  14.66280746 -9.28043365],[14.08689117 13.71561813 -9.2207737 ],[ 14.58116627  14.09075737 -11.46594334]
,,,,,,
42:35.2,219332,71.66524029,135.6896506,[15.15503216 14.66742039 -9.27674103],[14.08978462 13.71395874 -9.21718311],[ 14.58822441  14.11310101 -11.44789314]
,,,,,,
42:35.2,224335,71.4960337,33.82102415,[15.14928722 14.67138577 -9.27307606],[14.08469486 13.71669388 -9.21985626],[ 14.59261703  14.1274128  -11.44000435]
,,,,,,
42:35.2,228331,71.06265807,108.4523597,[15.15064049 14.66711903 -9.27163315],[14.07863617 13.7202673  -9.2210741 ],[ 14.60575485  14.13724899 -11.4278698 ]
,,,,,,
42:35.2,232334,70.85604854,51.61367336,[15.14990234 14.66615582 -9.26912689],[14.06693649 13.73292923 -9.21777058],[ 14.60816097  14.14497757 -11.42623901]
,,,,,,
42:35.2,236332,70.26148125,148.7161812,[15.14403057 14.66853619 -9.26937866],[14.06510544 13.73951721 -9.21047401],[ 14.61379337  14.16114616 -11.41889   ]
,,,,,,
42:35.2,240333,69.78619628,118.7915425,[15.14120102 14.66956806 -9.26647472],[14.06079006 13.74518871 -9.20686626],[ 14.61824226  14.18109703 -11.40679646]
,,,,,,
42:35.2,244332,68.97297469,203.3562373,[15.13673782 14.66866493 -9.26971722],[14.05813217 13.74466324 -9.2078228 ],[ 14.63290501  14.19653606 -11.38675213]
,,,,,,
42:35.2,248331,68.63496377,84.52386182,[15.13471794 14.6694622  -9.26743984],[14.05665016 13.74989796 -9.20374489],[ 14.63532543  14.21426964 -11.38322258]
,,,,,,
42:35.3,253334,68.78457173,29.90364944,[15.13419437 14.67022038 -9.25935745],[14.04862499 13.75439358 -9.21022987],[ 14.63728619  14.2301302  -11.37891865]
,,,,,,
42:35.3,257334,68.57543406,52.28441575,[15.12944031 14.67612839 -9.24898338],[14.05140686 13.75300789 -9.21197128],[ 14.65683079  14.24219704 -11.3575716 ]
,,,,,,
42:35.3,261333,67.75871741,204.2302214,[15.12279224 14.67861748 -9.25143337],[14.04567719 13.76048756 -9.21084213],[ 14.66848469  14.26371193 -11.34039593]
,,,,,,
42:35.3,265334,67.56030972,49.58952342,[15.1248455  14.67623615 -9.24894333],[14.03499985 13.77168369 -9.20707798],[ 14.66752243  14.2763834  -11.3428545 ]
,,,,,,
42:35.3,269334,66.98761338,143.1740854,[15.1210413  14.67974854 -9.24383163],[14.02944946 13.78209305 -9.20146847],[ 14.67761803  14.29670238 -11.32432175]
,,,,,,
42:35.3,274336,66.45657812,106.1645869,[15.11777401 14.68265438 -9.24162197],[14.02662659 13.7842474  -9.2004776 ],[ 14.68807793  14.31511021 -11.31264019]
,,,,,,
42:35.3,278334,66.02123539,108.8901284,[15.11129951 14.69035435 -9.23695183],[14.0229969  13.78421688 -9.20511913],[ 14.69151974  14.3448267  -11.29172707]
,,,,,,
42:35.3,282333,65.37491872,161.619571,[15.09829521 14.70094872 -9.23810482],[14.02090073 13.79433346 -9.1982975 ],[ 14.70015717  14.35994339 -11.28005505]
,,,,,,
42:35.3,286332,65.39774963,5.70915509,[15.09576797 14.70643997 -9.22465515],[14.01118374 13.80288792 -9.19792938],[ 14.70168495  14.38243771 -11.26943588]
,,,,,,
42:35.3,290333,64.77776589,154.9571968,[15.0976162  14.70493031 -9.21954632],[14.00959396 13.80430603 -9.19374275],[ 14.7209301   14.39428234 -11.25243378]
,,,,,,
42:35.3,294332,64.2987158,119.792471,[15.09644127 14.7051239  -9.22006798],[14.0033884  13.81125736 -9.19622326],[ 14.72427654  14.41828632 -11.24176121]
,,,,,,
42:35.3,298335,63.91702189,95.35196193,[15.09084225 14.70906258 -9.22020817],[13.99304581 13.82702732 -9.19283485],[ 14.72230721  14.44018269 -11.23829746]
,,,,,,
42:35.3,303332,63.20834301,141.8208702,[15.0839386  14.71894932 -9.21096611],[13.98749447 13.8428936  -9.18015289],[ 14.73601437  14.46267033 -11.21410084]
,,,,,,
42:35.3,307333,62.54535609,165.7053018,[15.0804224  14.71921444 -9.21228409],[13.98044109 13.8515873  -9.1774044 ],[ 14.7405014   14.48384476 -11.20103836]
,,,,,,
42:35.3,311331,62.47553905,17.46299093,[15.07437038 14.72630882 -9.20516205],[13.97815514 13.8521347  -9.18083858],[ 14.75716877  14.48759651 -11.19435501]
,,,,,,
42:35.3,315332,61.83551674,159.9655866,[15.07016373 14.72961617 -9.20531368],[13.97561836 13.85884762 -9.17836094],[ 14.77275562  14.49807453 -11.17847729]
,,,,,,
42:35.3,319332,61.28902871,136.6220086,[15.06454563 14.73398304 -9.20140457],[13.95968342 13.87635803 -9.1731329 ],[ 14.7705183   14.52622509 -11.164464  ]
,,,,,,
42:35.3,324334,61.58734312,59.63902693,[15.06114388 14.74683666 -9.18479061],[13.95432758 13.8810463  -9.1742115 ],[ 14.76378632  14.55510044 -11.1556654 ]
,,,,,,
42:35.3,328333,60.74411768,210.8590749,[15.05817223 14.74916553 -9.18543339],[13.95550442 13.88499165 -9.16603947],[ 14.77930927  14.56948471 -11.14070988]
,,,,,,
42:35.3,332332,60.67830821,16.45648076,[15.05449581 14.75419712 -9.17618465],[13.95079327 13.90057087 -9.15576077],[ 14.78106117  14.58278561 -11.13519573]
,,,,,,
42:35.3,336333,60.01014604,166.9987929,[15.05557632 14.75428772 -9.1713562 ],[13.94946957 13.90189266 -9.15423298],[ 14.78741169  14.61288738 -11.11065865]
,,,,,,
42:35.3,340335,59.87357743,34.12508988,[15.04881668 14.77024269 -9.15806961],[13.94933891 13.91045189 -9.14819431],[ 14.79577255  14.63302708 -11.09527206]
,,,,,,
42:35.3,344333,59.77698205,24.16092544,[15.04399872 14.77472115 -9.15832806],[13.94589806 13.91056347 -9.15886307],[ 14.80631733  14.6346941  -11.08621216]
,,,,,,
42:35.3,348334,58.8988261,219.4841163,[15.02952957 14.78389645 -9.1648407 ],[13.93576813 13.92283535 -9.15575504],[ 14.80292511  14.66642094 -11.0752573 ]
,,,,,,
42:35.4,353332,59.26926195,74.11681492,[15.02880764 14.7926054  -9.14850044],[13.94353485 13.92188644 -9.15027905],[ 14.80601215  14.67463112 -11.06810951]
,,,,,,
42:35.4,357332,58.53778604,182.8689764,[15.03218842 14.78674507 -9.15535355],[13.93821049 13.92810345 -9.15193462],[ 14.81801796  14.68419075 -11.05570412]
,,,,,,
42:35.4,361333,57.97222164,141.3557604,[15.02712059 14.79312801 -9.1519022 ],[13.93024826 13.93810272 -9.15012074],[ 14.82394028  14.70701122 -11.03709698]
,,,,,,
42:35.4,365332,57.76233494,52.48479704,[15.0225544  14.8020916  -9.14318657],[13.92973042 13.94643021 -9.1427269 ],[ 14.82902336  14.72253609 -11.02469063]
,,,,,,
42:35.4,369333,57.23820587,130.9995183,[15.02098083 14.80376244 -9.14646339],[13.92347813 13.95273781 -9.14531422],[ 14.83230877  14.73935032 -11.01270485]
,,,,,,
42:35.4,374332,57.22403466,2.834807924,[15.02020359 14.80861187 -9.13714981],[13.91385937 13.96781445 -9.13971996],[ 14.82836151  14.75847626 -11.00443745]
,,,,,,
42:35.4,378333,57.37258149,37.12742428,[15.01936245 14.81596375 -9.12288666],[13.91591263 13.96594906 -9.13918591],[ 14.83097172  14.77564526 -10.99333096]
,,,,,,
42:35.4,382333,57.28934975,20.80793349,[15.02101612 14.81984901 -9.11538792],[13.91400528 13.9751606  -9.13383579],[ 14.83472347  14.78353119 -10.98084927]
,,,,,,
42:35.4,386334,56.73725462,137.9892852,[15.02105141 14.82170677 -9.11470985],[13.91397858 13.98042202 -9.12900352],[ 14.83746529  14.80415916 -10.96573544]
,,,,,,
42:35.4,390333,56.52491504,53.09816929,[15.01286411 14.83097172 -9.11431694],[13.90378475 13.99268055 -9.12598705],[ 14.8403759   14.80605888 -10.96198654]
,,,,,,
42:35.4,394333,56.80588471,70.24241728,[15.01914215 14.82899952 -9.10743999],[13.90798473 13.98834896 -9.13080883],[ 14.84179878  14.81287861 -10.95936871]
,,,,,,
42:35.4,399332,56.53106646,54.97464601,[15.01649189 14.83164215 -9.10900688],[13.90060616 13.99883747 -9.12709904],[ 14.8436079   14.8164444  -10.95556831]
,,,,,,
42:35.4,403332,56.35471425,44.08805059,[15.01349068 14.83900738 -9.1021862 ],[13.89667988 14.00138664 -9.12750721],[ 14.85189629  14.82511806 -10.94399357]
,,,,,,
42:35.4,407336,56.23516156,29.85831543,[15.0116415  14.84371948 -9.09893894],[13.90197945 14.00632668 -9.1210289 ],[ 14.84923744  14.83930779 -10.9369545 ]
,,,,,,
42:35.4,411333,55.91428367,80.27968267,[15.01239014 14.84412003 -9.09960842],[13.90403271 14.00696754 -9.12065506],[ 14.84876537  14.85365105 -10.92614555]
,,,,,,
42:35.4,415332,55.94255328,7.069169806,[15.01280308 14.84617329 -9.09429932],[13.90631962 14.00741196 -9.11631966],[ 14.85199928  14.853549   -10.92204094]
,,,,,,
42:35.4,419332,55.72836652,53.54668918,[15.00566864 14.85238361 -9.10180473],[13.91170979 14.00582695 -9.11273479],[ 14.85403347  14.84932613 -10.9306612 ]
,,,,,,
42:35.4,424332,55.49024213,47.62487844,[15.00887871 14.85311604 -9.09840298],[13.91304207 14.01309395 -9.10355377],[ 14.83992386  14.87446594 -10.91722012]
,,,,,,
42:35.4,428332,55.54353452,13.32309644,[15.01017189 14.85551643 -9.0941    ],[13.91241646 14.01150131 -9.10807705],[ 14.84591484  14.87680531 -10.91216755]
,,,,,,
42:35.4,432335,55.65042261,26.70199637,[15.01101208 14.85763836 -9.09257412],[13.90861988 14.01800346 -9.10682487],[ 14.84437275  14.87774086 -10.91434479]
,,,,,,
42:35.4,436333,55.62325808,6.794530143,[15.01336861 14.85892296 -9.08979607],[13.91187954 14.02269459 -9.09830093],[ 14.84566021  14.87748241 -10.91319561]
,,,,,,
42:35.4,440335,55.67881566,13.88245377,[15.01523876 14.86153316 -9.08714867],[13.91492271 14.02023315 -9.09959316],[ 14.84469891  14.88370037 -10.91052246]
,,,,,,
42:35.4,444332,55.79141821,28.17176786,[15.01914024 14.86337376 -9.08519077],[13.91580009 14.02284908 -9.09741879],[ 14.84601784  14.88060665 -10.91200733]
,,,,,,
42:35.4,448332,55.70611103,21.32679506,[15.01952457 14.86651421 -9.0888176 ],[13.92001152 14.02351093 -9.09423161],[ 14.84645748  14.87707806 -10.91491795]
,,,,,,
42:35.5,453333,55.96721758,52.21086758,[15.02253437 14.86636066 -9.08539677],[13.92036247 14.02311802 -9.09695339],[ 14.84990406  14.87138367 -10.9172163 ]
,,,,,,
42:35.5,457333,55.84808043,29.78428864,[15.02632713 14.86600208 -9.08558178],[13.92504692 14.02206802 -9.09487724],[ 14.850914    14.87471008 -10.91283226]
,,,,,,
42:35.5,461333,56.06237994,53.57487781,[15.02651691 14.86831284 -9.0857954 ],[13.9292469  14.01896572 -9.09624004],[ 14.84725571  14.87174416 -10.91750813]
,,,,,,
42:35.5,465332,56.25238714,47.5136784,[15.02887917 14.8681469  -9.08554459],[13.92870522 14.0235014  -9.09352779],[ 14.84076977  14.87208366 -10.92312622]
,,,,,,
42:35.5,469333,56.20291164,12.36578305,[15.03215218 14.86644173 -9.08780384],[13.93157005 14.02240658 -9.09346104],[ 14.84080601  14.8712244  -10.92289352]
,,,,,,
42:35.5,473333,56.2069948,1.020791073,[15.03419018 14.86804676 -9.08942509],[13.93076229 14.02553463 -9.09129524],[ 14.83930397  14.86886406 -10.92575932]
,,,,,,
42:35.5,478336,56.40093587,38.76495475,[15.03650951 14.86906052 -9.0890646 ],[13.93378448 14.02544212 -9.0899725 ],[ 14.84183598  14.85853481 -10.93153572]
,,,,,,
42:35.5,482333,56.44875285,11.96321645,[15.04170418 14.86502743 -9.09660625],[13.93753052 14.02202702 -9.09438419],[ 14.8392067   14.85316086 -10.93850136]
,,,,,,
42:35.5,486333,56.49221163,10.86469591,[15.04498768 14.86117649 -9.10573959],[13.94871426 14.01651382 -9.08960152],[ 14.8322897   14.84353352 -10.95236301]
,,,,,,
42:35.5,490332,56.71476975,55.65344262,[15.04719734 14.86400032 -9.10733891],[13.94876575 14.01502419 -9.09648323],[ 14.82820511  14.84210682 -10.95465374]
,,,,,,
42:35.5,494332,57.28792035,143.2876511,[15.06135464 14.85514832 -9.10796642],[13.95299435 14.01230812 -9.09885788],[ 14.82664871  14.82366848 -10.9693737 ]
,,,,,,
42:35.5,499335,57.20760936,16.05256695,[15.05590439 14.85900879 -9.11491299],[13.95567417 14.01079655 -9.09839725],[ 14.82278633  14.81837463 -10.97502518]
,,,,,,
42:35.5,503333,57.51868663,77.80822253,[15.05841923 14.86099148 -9.11376095],[13.96164799 14.01080132 -9.09644699],[ 14.82958412  14.79992008 -10.98271084]
,,,,,,
42:35.5,507333,57.56934385,12.66430376,[15.06526279 14.85335636 -9.12133503],[13.97441483 13.99944019 -9.09819508],[ 14.81836033  14.80156803 -10.98802757]
,,,,,,
42:35.5,511333,57.90469076,83.83672811,[15.06273651 14.85693073 -9.1269865 ],[13.97315311 14.00187969 -9.10078526],[ 14.81228733  14.78823853 -11.0037365 ]
,,,,,,
42:35.5,515333,58.1501666,61.36896086,[15.06893826 14.85203457 -9.13116264],[13.977808   13.99863434 -9.10428905],[ 14.80351734  14.7861042  -11.01043034]
,,,,,,
42:35.5,519333,58.24354977,23.34579138,[15.07547665 14.84741116 -9.13252354],[13.98093128 13.99405575 -9.10575199],[ 14.80636215  14.77530479 -11.0115757 ]
,,,,,,
42:35.5,524333,58.42824982,36.94001087,[15.07227135 14.85186386 -9.1366663 ],[13.98946095 13.9915781  -9.09909725],[ 14.80238819  14.75844002 -11.02409649]
,,,,,,
42:35.5,528333,59.20363653,193.8466757,[15.07660294 14.84990501 -9.13901043],[13.99359035 13.98678589 -9.10426331],[ 14.78900719  14.74484444 -11.0473547 ]
,,,,,,
42:35.5,532333,59.51808313,78.61165078,[15.08426762 14.84187126 -9.14648628],[13.99750519 13.98147964 -9.10698891],[ 14.78325653  14.72667599 -11.06240749]
,,,,,,
42:35.5,536333,59.65392242,33.9598236,[15.08618641 14.83700275 -9.15604401],[14.01411057 13.96809769 -9.10471821],[ 14.77454376  14.71172333 -11.07569027]
,,,,,,
42:35.5,540332,59.59940512,13.63273326,[15.08946705 14.8381834  -9.15639973],[14.00885963 13.97036171 -9.10568047],[ 14.77035999  14.71454906 -11.07043648]
,,,,,,
42:35.5,544333,59.81437279,53.72848391,[15.09085941 14.83950329 -9.15838432],[14.01633739 13.96947002 -9.10000229],[ 14.76751995  14.70000935 -11.07939816]
,,,,,,
42:35.5,548333,60.54896465,183.6479644,[15.09737873 14.83432007 -9.16062164],[14.01477528 13.96687222 -9.10908127],[ 14.75548935  14.68789196 -11.09781933]
,,,,,,
42:35.6,553332,60.84488365,59.19563989,[15.09835148 14.83223724 -9.16783619],[14.01866245 13.95881462 -9.11496925],[ 14.74889183  14.67180634 -11.10894108]
,,,,,,
42:35.6,557332,61.45846054,153.3942223,[15.10999584 14.82014275 -9.17405701],[14.01661205 13.95933056 -9.1219635 ],[ 14.73716831  14.65454102 -11.12624168]
,,,,,,
42:35.6,561332,62.34147978,220.7548106,[15.10594559 14.83006859 -9.16650581],[14.02352142 13.95091438 -9.12286186],[ 14.73880482  14.62412548 -11.14206314]
,,,,,,
42:35.6,565333,62.28302794,14.60930826,[15.11667538 14.82152843 -9.17070103],[14.02733135 13.95356369 -9.11331654],[ 14.72447491  14.62680054 -11.14666939]
,,,,,,
42:35.6,569332,62.5834691,75.12907266,[15.1244297  14.81254673 -9.17655849],[14.03269196 13.94725895 -9.11274624],[ 14.71387672  14.61193657 -11.1595583 ]
,,,,,,
42:35.6,573332,62.87536589,72.97419739,[15.11800861 14.81578541 -9.18218899],[14.03203964 13.94179916 -9.11873722],[ 14.70683956  14.59683514 -11.16961861]
,,,,,,
42:35.6,578332,63.51001634,126.9300892,[15.12262917 14.81044483 -9.18631077],[14.0372858  13.93232155 -9.1263485 ],[ 14.70054436  14.57434464 -11.1866827 ]
,,,,,,
42:35.6,582331,63.76682888,64.21918942,[15.12638855 14.80638504 -9.19234085],[14.05269718 13.91957378 -9.12238789],[ 14.69308758  14.55453014 -11.20018005]
,,,,,,
42:35.6,586331,63.97810511,52.81905858,[15.12736416 14.80629826 -9.19324207],[14.05359268 13.9111166  -9.1312561 ],[ 14.70014954  14.53875446 -11.1981144 ]
,,,,,,
42:35.6,590332,64.43760173,114.8454442,[15.13041592 14.80283928 -9.19900417],[14.06075096 13.90414619 -9.1272583 ],[ 14.67886925  14.52455044 -11.21895599]
,,,,,,
42:35.6,594333,64.41839748,4.799863216,[15.13268566 14.7991724  -9.20918465],[14.05912971 13.90394306 -9.13053131],[ 14.67405605  14.51374626 -11.226367  ]
,,,,,,
42:35.6,598333,64.71544261,74.26128288,[15.13885212 14.79026031 -9.21801186],[14.06209946 13.89874935 -9.13451862],[ 14.66683292  14.4934988  -11.2388382 ]
,,,,,,
42:35.6,603332,65.76249915,209.4531978,[15.14537144 14.78724289 -9.20789528],[14.06810093 13.89209461 -9.13746834],[ 14.65593529  14.480299   -11.25323296]
,,,,,,
42:35.6,607334,66.10068472,84.50414201,[15.15003395 14.78334618 -9.21249294],[14.07683372 13.8804369  -9.13980484],[ 14.6577034   14.45262623 -11.26372719]
,,,,,,
42:35.6,611335,66.78488622,171.0076225,[15.15609455 14.77742577 -9.21329021],[14.07738304 13.87794971 -9.14507484],[ 14.64271927  14.44160366 -11.27792263]
,,,,,,
42:35.6,615332,67.05324612,67.14032988,[15.15626335 14.77812958 -9.21468639],[14.08050823 13.8713007  -9.1465683 ],[ 14.63762188  14.42966652 -11.28406143]
,,,,,,
42:35.6,619333,67.35512975,75.45204354,[15.16467094 14.77100468 -9.21822453],[14.09198475 13.85673523 -9.14579296],[ 14.63826847  14.40251255 -11.29436493]
,,,,,,
42:35.6,623331,67.53290079,44.46499311,[15.16723537 14.76807976 -9.22513103],[14.09295654 13.85393143 -9.14721298],[ 14.63234234  14.38648605 -11.30426598]
,,,,,,
42:35.6,628332,67.67743152,28.90036631,[15.17193413 14.76492119 -9.22938728],[14.09106064 13.85577583 -9.14278698],[ 14.61810303  14.37893867 -11.31403637]
,,,,,,
42:35.6,632334,68.40650658,182.1776759,[15.17176914 14.76576138 -9.22610474],[14.1023159  13.84712696 -9.14311981],[ 14.6151247   14.35549927 -11.32985306]
,,,,,,
42:35.6,636333,68.69837719,72.98590006,[15.17485905 14.76039314 -9.23384762],[14.10276318 13.83860302 -9.1545248 ],[ 14.60642338  14.34634686 -11.33607864]
,,,,,,
42:35.6,640333,69.27369249,143.8288242,[15.17566109 14.7573185  -9.23752594],[14.09932995 13.83843422 -9.15867043],[ 14.5944252   14.32712078 -11.35360241]
,,,,,,
42:35.6,644333,69.98611017,178.1044202,[15.18813419 14.74468231 -9.23632145],[14.10026455 13.82975769 -9.16735172],[ 14.58876228  14.30934906 -11.36666107]
,,,,,,
42:35.6,648333,69.93893134,11.79470659,[15.19002533 14.74317074 -9.23781776],[14.10256958 13.83230877 -9.15810966],[ 14.58553123  14.29772377 -11.36738682]
,,,,,,
42:35.7,653331,70.13760144,39.74991932,[15.18647289 14.74596882 -9.23868275],[14.10889816 13.82657051 -9.1559391 ],[ 14.58138561  14.28463459 -11.36987019]
,,,,,,
42:35.7,657332,70.80411429,166.586565,[15.18853855 14.74550247 -9.24032593],[14.11618423 13.81640339 -9.15834904],[ 14.56798172  14.26562786 -11.3907938 ]
,,,,,,
42:35.7,661332,70.94241291,34.57465458,[15.19021702 14.74150276 -9.24483109],[14.12814426 13.80457592 -9.15555382],[ 14.56848717  14.24354362 -11.40052319]
,,,,,,
42:35.7,665333,71.04947427,26.75865046,[15.18897057 14.73944378 -9.24908352],[14.124506   13.80236626 -9.15922451],[ 14.56693172  14.22922611 -11.40007114]
,,,,,,
42:35.7,669333,71.89524331,211.4422613,[15.19408321 14.73787022 -9.24360466],[14.12291145 13.79941082 -9.16246796],[ 14.55168343  14.21715927 -11.41774178]
,,,,,,
42:35.7,674333,71.9463717,10.22567706,[15.19726944 14.7305069  -9.2503643 ],[14.12815857 13.78934669 -9.16675091],[ 14.55399513  14.19937801 -11.4186058 ]
,,,,,,
42:35.7,678333,72.45053595,126.0410624,[15.20426941 14.72427368 -9.25449467],[14.12725639 13.78166962 -9.17446232],[ 14.54323101  14.18342495 -11.43225288]
,,,,,,
42:35.7,682332,72.32188425,32.17096731,[15.2064333  14.7216177  -9.25563145],[14.13101864 13.77776527 -9.16841888],[ 14.53920174  14.1792469  -11.42875576]
,,,,,,
42:35.7,686332,72.82187308,124.9972091,[15.20403004 14.72317123 -9.25354862],[14.13735485 13.77143478 -9.16439629],[ 14.53188038  14.15929127 -11.44671059]
,,,,,,
42:35.7,690333,73.20934288,96.84323797,[15.20620537 14.71899128 -9.253582  ],[14.13728714 13.76894093 -9.16629219],[ 14.51845264  14.15462399 -11.45543671]
,,,,,,
42:35.7,694333,73.45387845,61.13389181,[15.20446682 14.7179842  -9.25745869],[14.13417149 13.76980782 -9.16844559],[ 14.50779438  14.14579868 -11.46236038]
,,,,,,
42:35.7,698333,73.79045153,84.14327028,[15.20401669 14.71897984 -9.25838089],[14.13081551 13.77100563 -9.17026997],[ 14.50974655  14.12339115 -11.46778584]
,,,,,,
42:35.7,703332,73.99279179,40.47614687,[15.20641327 14.71533489 -9.26044655],[14.12960625 13.76904964 -9.16930485],[ 14.50663376  14.1069603  -11.47784328]
,,,,,,
42:35.7,707333,74.12249966,32.41886353,[15.20516586 14.7142725  -9.26278496],[14.13248634 13.7657299  -9.16638088],[ 14.5030632   14.09309483 -11.4875021 ]
,,,,,,
42:35.7,711332,74.20293001,20.11261527,[15.20692635 14.71047306 -9.26571846],[14.14504719 13.75517178 -9.16140366],[ 14.49657726  14.08214664 -11.49572182]
,,,,,,
42:35.7,715333,74.47667193,68.41837522,[15.21042633 14.7077837  -9.26512337],[14.14367867 13.75133419 -9.16351223],[ 14.49550819  14.06869221 -11.49933052]
,,,,,,
42:35.7,719333,75.14802225,167.8375802,[15.21467495 14.70467472 -9.26385307],[14.14083004 13.7456646  -9.17517567],[ 14.4974041   14.048563   -11.51000977]
,,,,,,
42:35.7,724333,75.76837643,124.0708357,[15.21110821 14.70630836 -9.26588345],[14.14255333 13.73374844 -9.18729401],[ 14.48543739  14.03872299 -11.5221653 ]
,,,,,,
42:35.7,728333,75.90079356,33.10428441,[15.2138195  14.70438576 -9.26591396],[14.14934158 13.72471142 -9.1884737 ],[ 14.47936249  14.03850651 -11.5232954 ]
,,,,,,
42:35.7,732333,75.5309665,92.45676629,[15.2162199  14.70101166 -9.27112579],[14.15280151 13.72457218 -9.18241501],[ 14.48886585  14.02675152 -11.5175848 ]
,,,,,,
42:35.7,736332,75.67844474,36.87878077,[15.217453   14.69860077 -9.27132988],[14.15143585 13.72408199 -9.18303299],[ 14.49652481  14.00897217 -11.52058983]
,,,,,,
42:35.7,740336,75.78772473,27.29270431,[15.22138977 14.69300747 -9.27358913],[14.15321922 13.71883583 -9.18525219],[ 14.49118137  14.00532818 -11.52493477]
,,,,,,
42:35.7,744332,76.45828558,167.8080214,[15.22324944 14.69145584 -9.26814365],[14.15067768 13.71734238 -9.19078064],[ 14.4886694   13.99089241 -11.53623581]
,,,,,,
42:35.7,749333,76.50986272,10.31336513,[15.22225857 14.69031429 -9.27300358],[14.15644932 13.70619011 -9.1940403 ],[ 14.4783411   13.99110126 -11.54156876]
,,,,,,
42:35.8,753331,76.41726884,23.16004979,[15.22861767 14.68305969 -9.27293968],[14.15895748 13.70453739 -9.19049549],[ 14.48281384  13.98436451 -11.53816128]
,,,,,,
42:35.8,757334,76.34889265,17.08123888,[15.22830868 14.68025494 -9.27900124],[14.16232872 13.70031929 -9.19100666],[ 14.48773289  13.9697752  -11.54205799]
,,,,,,
42:35.8,761332,76.58783616,59.76576181,[15.22979546 14.67678928 -9.28045368],[14.15943623 13.69941521 -9.19536781],[ 14.48942947  13.95688534 -11.54903126]
,,,,,,
42:35.8,765333,76.87954728,72.9095517,[15.23313999 14.67503548 -9.27625275],[14.16125774 13.69630432 -9.19418812],[ 14.48764801  13.94868565 -11.55373859]
,,,,,,
42:35.8,769332,77.73218753,213.2133655,[15.23245621 14.67594624 -9.26998806],[14.16361046 13.68655682 -9.20709038],[ 14.47734261  13.94589806 -11.56100655]
,,,,,,
42:35.8,774334,77.64184027,18.06222551,[15.2323246  14.67355347 -9.27267742],[14.16269493 13.68457699 -9.20652676],[ 14.47727013  13.94107819 -11.56193733]
,,,,,,
42:35.8,778333,77.61480906,6.759493847,[15.23192215 14.67183495 -9.27418995],[14.16316795 13.6822443  -9.20647907],[ 14.47501183  13.93954372 -11.56182957]
,,,,,,
42:35.8,782332,77.52945884,21.34288965,[15.23399258 14.66971016 -9.27383709],[14.16760921 13.6776104  -9.20314407],[ 14.47661877  13.93672562 -11.56115246]
,,,,,,
42:35.8,786332,77.79011603,65.16429638,[15.23715115 14.6654377  -9.27081871],[14.16866112 13.67213345 -9.20609856],[ 14.47774315  13.92941189 -11.56260395]
,,,,,,
42:35.8,790332,78.00658158,54.11638893,[15.24235058 14.65991783 -9.26630783],[14.17215633 13.66536617 -9.20659351],[ 14.48018837  13.92276764 -11.56329918]
,,,,,,
42:35.8,794333,77.75101145,63.87656325,[15.23871326 14.65917015 -9.27249146],[14.17112732 13.66346645 -9.2057457 ],[ 14.48341751  13.91613102 -11.56684494]
,,,,,,
42:35.8,798332,77.59764258,38.35180582,[15.23824787 14.65561581 -9.2774477 ],[14.17031193 13.6615572  -9.20976162],[ 14.48955154  13.91167164 -11.56202507]
,,,,,,
42:35.8,803331,77.42028252,35.47910759,[15.23752022 14.65626526 -9.27410412],[14.16657162 13.67205524 -9.19765472],[ 14.48663902  13.91331291 -11.56302929]
,,,,,,
42:35.8,807333,77.39710703,5.790979017,[15.23308754 14.65620518 -9.27502155],[14.16525364 13.6699295  -9.20030499],[ 14.49118614  13.9093504  -11.56062412]
,,,,,,
42:35.8,811333,77.4396931,10.64651923,[15.23445415 14.65067959 -9.27725029],[14.15804005 13.67077827 -9.20558357],[ 14.49025536  13.90679646 -11.56130505]
,,,,,,
42:35.8,815334,77.60729328,41.88957189,[15.2304287  14.6538372  -9.27391624],[14.15809822 13.66599083 -9.20924473],[ 14.49340439  13.90500355 -11.5608511 ]
,,,,,,
42:35.8,819332,77.66627551,14.75293394,[15.23177147 14.65179062 -9.2713747 ],[14.15906334 13.66312027 -9.20680237],[ 14.49655151  13.89799881 -11.56440639]
,,,,,,
42:35.8,824332,77.49044633,35.16583535,[15.23057652 14.64808083 -9.27651787],[14.16021347 13.65809631 -9.21039104],[ 14.50038624  13.89682961 -11.56616879]
,,,,,,
42:35.8,828332,77.3795577,27.72215777,[15.2304163  14.6431427  -9.27937603],[14.15888309 13.65249348 -9.21940231],[ 14.5120697   13.89453411 -11.55720234]
,,,,,,
42:35.8,832332,77.21537561,41.04552353,[15.23256397 14.63814259 -9.28015423],[14.15730095 13.6543808  -9.21731853],[ 14.50995636  13.89942741 -11.55470085]
,,,,,,
42:35.8,836333,76.8867569,82.13414425,[15.23239136 14.63676262 -9.27840614],[14.16129017 13.65302944 -9.20899773],[ 14.51344872  13.90358257 -11.54924679]
,,,,,,
42:35.8,840334,76.8999196,3.289852633,[15.23273945 14.63472652 -9.2753458 ],[14.15672874 13.65474129 -9.20830154],[ 14.51424026  13.9044981  -11.54950809]
,,,,,,
42:35.8,844332,76.82836201,17.89834509,[15.22836113 14.63576126 -9.27704906],[14.15279675 13.65716553 -9.20897961],[ 14.51171875  13.90750504 -11.55146694]
,,,,,,
42:35.8,848332,76.44769564,95.16659304,[15.22592831 14.63385582 -9.28153515],[14.15331173 13.65489006 -9.20824909],[ 14.5214262   13.90512562 -11.54710197]
,,,,,,
42:35.9,853332,76.43681475,2.176178404,[15.22731018 14.63032722 -9.27936745],[14.15372467 13.6533432  -9.20858765],[ 14.52641487  13.90482712 -11.54599667]
,,,,,,
42:35.9,857333,76.2371625,49.90058724,[15.2271328  14.62676334 -9.27854633],[14.15307999 13.65206814 -9.20808601],[ 14.53622723  13.90379238 -11.54067707]
,,,,,,
42:35.9,861333,76.06825461,42.22697225,[15.23199844 14.6183939  -9.27641773],[14.15228558 13.64919186 -9.2105341 ],[ 14.54064465  13.91358852 -11.53296852]
,,,,,,
42:35.9,865334,75.91607871,38.03446654,[15.23001671 14.61868477 -9.2694931 ],[14.15380001 13.64791298 -9.20638466],[ 14.54090309  13.92847919 -11.52340031]
,,,,,,
42:35.9,869331,75.72047619,48.93733213,[15.22705936 14.61700535 -9.2714777 ],[14.15301037 13.64573383 -9.20746994],[ 14.54667091  13.92763424 -11.51972866]
,,,,,,
42:35.9,873332,75.57315655,36.82070665,[15.22590733 14.61440563 -9.26786137],[14.15378571 13.64294243 -9.20775986],[ 14.54945946  13.93849277 -11.51076698]
,,,,,,
42:35.9,878333,75.44697496,25.23127046,[15.22320938 14.61349869 -9.26616764],[14.15342331 13.64298439 -9.20473385],[ 14.54776001  13.94469452 -11.50877571]
,,,,,,
42:35.9,882332,74.89424137,138.2179529,[15.2256279  14.60867882 -9.26169968],[14.15099335 13.64510822 -9.20119381],[ 14.56302452  13.95798683 -11.48783112]
,,,,,,
42:35.9,886332,74.56377127,82.61752489,[15.22269535 14.60660648 -9.26428509],[14.14920139 13.64570713 -9.19907761],[ 14.56854153  13.95917606 -11.48571205]
,,,,,,
42:35.9,890332,74.43963131,31.034991,[15.22217846 14.60448742 -9.25961113],[14.14461327 13.64808846 -9.19735432],[ 14.56930161  13.96965122 -11.4815979 ]
,,,,,,
42:35.9,894333,74.4353721,1.064535715,[15.22080421 14.60404396 -9.25378227],[14.14077282 13.64841175 -9.19834232],[ 14.57280159  13.97699451 -11.47655487]
,,,,,,
42:35.9,898332,74.04266736,98.20073525,[15.2168808  14.60433578 -9.24820614],[14.1315794  13.65614223 -9.19010735],[ 14.58063507  13.98295689 -11.46762657]
,,,,,,
42:35.9,903334,73.62448957,83.60211685,[15.21038532 14.6053791  -9.25004768],[14.1235857  13.65953636 -9.19198036],[ 14.59108353  13.98703861 -11.45639992]
,,,,,,
42:35.9,907335,72.86477238,189.8818265,[15.20667458 14.60320187 -9.25321865],[14.12203121 13.65790939 -9.19206142],[ 14.60104752  14.00504494 -11.43699837]
,,,,,,
42:35.9,911333,72.3900305,118.7448422,[15.20180607 14.60206795 -9.25516796],[14.12482357 13.65342617 -9.19251728],[ 14.60545635  14.01912594 -11.42296028]
,,,,,,
42:35.9,915333,72.45024906,15.05463977,[15.20265007 14.59990597 -9.2484808 ],[14.12465    13.6553793  -9.18850994],[ 14.60084057  14.03125954 -11.42535782]
,,,,,,
42:35.9,919332,72.07771519,93.1567566,[15.19842052 14.60070419 -9.24855137],[14.11939144 13.65832329 -9.18858242],[ 14.60591698  14.04233265 -11.41673088]
,,,,,,
42:35.9,923332,71.30305909,193.6640262,[15.19818401 14.59574604 -9.25242615],[14.12072182 13.66391277 -9.17678165],[ 14.61155033  14.05309772 -11.40944386]
,,,,,,
42:35.9,928333,70.70733459,119.1210745,[15.19390678 14.59801579 -9.2487793 ],[14.11534023 13.67047215 -9.17135906],[ 14.63057709  14.05892181 -11.39056778]
,,,,,,
42:35.9,932333,70.45856857,62.19150478,[15.18919754 14.60020256 -9.24656105],[14.10635567 13.67504025 -9.16977501],[ 14.63085651  14.07052231 -11.38919544]
,,,,,,
42:35.9,936332,70.19670154,65.48312952,[15.18555641 14.60330868 -9.2371254 ],[14.10728741 13.67219067 -9.17180252],[ 14.64572525  14.0874052  -11.36756897]
,,,,,,
42:35.9,940332,69.58603488,152.6666659,[15.1793251  14.60445881 -9.23952866],[14.10404301 13.67321205 -9.17264366],[ 14.64765644  14.10976028 -11.35270119]
,,,,,,
42:35.9,944332,69.42581557,40.0548264,[15.17979145 14.60314083 -9.23388958],[14.09726143 13.67858315 -9.17075157],[ 14.65792465  14.11376476 -11.34791851]
,,,,,,
42:35.9,949333,69.06137084,72.8743716,[15.18079853 14.59911156 -9.23286343],[14.09725189 13.67598343 -9.17205048],[ 14.66514015  14.12696648 -11.33889008]
,,,,,,
42:36.0,953332,68.37442203,171.780147,[15.18031883 14.59638596 -9.23258972],[14.10003471 13.67299747 -9.17076397],[ 14.66960812  14.15315914 -11.31784248]
,,,,,,
42:36.0,957332,67.98465129,97.44268459,[15.17908192 14.59600639 -9.22960091],[14.09335327 13.68333149 -9.163867  ],[ 14.66820812  14.17227936 -11.31138706]
,,,,,,
42:36.0,961332,67.65356688,82.77110277,[15.17733955 14.59479618 -9.23008728],[14.09143257 13.68714714 -9.16315269],[ 14.67430973  14.18176174 -11.30534077]
,,,,,,
42:36.0,965333,67.29991756,88.39023199,[15.17689896 14.59408379 -9.22148228],[14.08231163 13.69647408 -9.15890217],[ 14.69257927  14.18834877 -11.29275227]
,,,,,,
42:36.0,969332,67.05551821,61.11511622,[15.17160797 14.59695911 -9.21831989],[14.07814121 13.70403576 -9.15909004],[ 14.70105839  14.20002556 -11.28384781]
,,,,,,
42:36.0,973331,66.7187393,84.21578223,[15.16462135 14.60300636 -9.21117401],[14.07543945 13.71075916 -9.15215683],[ 14.70171356  14.22267723 -11.27249432]
,,,,,,
42:36.0,978333,65.44174373,255.2969944,[15.15853596 14.60227585 -9.21848297],[14.06569767 13.72497177 -9.14339638],[ 14.71105099  14.24774456 -11.25271988]
,,,,,,
42:36.0,982333,65.65725057,53.87670917,[15.15845394 14.60589409 -9.20881939],[14.06843281 13.7187891  -9.15025234],[ 14.71799088  14.25872135 -11.24531555]
,,,,,,
42:36.0,986334,65.23811515,104.7576668,[15.15296078 14.60856724 -9.20909405],[14.06205463 13.72372341 -9.15368843],[ 14.71688747  14.28436565 -11.23366642]
,,,,,,
42:36.0,990333,64.48531047,188.2482302,[15.14686584 14.61280727 -9.2064867 ],[14.05663967 13.72886658 -9.1499052 ],[ 14.73328018  14.30025959 -11.21511364]
,,,,,,
42:36.0,994332,64.31651494,42.20943574,[15.13998604 14.62073231 -9.20092201],[14.04270649 13.743433   -9.14818287],[ 14.7318573   14.31826305 -11.20825958]
,,,,,,
42:36.0,999334,63.67086304,129.0787474,[15.13757229 14.62502384 -9.19639874],[14.03798485 13.7569418  -9.13607216],[ 14.74493694  14.33290958 -11.19709396]
,,,,,,
42:36.0,3332,63.50068464,0.170861505,[15.13552761 14.62811852 -9.19106483],[14.0382719  13.75012779 -9.14663506],[ 14.75552177  14.35088062 -11.18123341]
,,,,,,
42:36.0,7333,63.10692183,98.41609883,[15.13627625 14.6310091  -9.18364811],[14.0318327  13.76210976 -9.13846016],[ 14.76343632  14.36814404 -11.1702137 ]
,,,,,,
42:36.0,11332,62.87282818,58.53804864,[15.12827969 14.6379528  -9.1829319 ],[14.02632427 13.76918221 -9.14123631],[ 14.77208996  14.37823391 -11.16635513]
,,,,,,
42:36.0,15332,63.19818355,81.33884293,[15.1246624  14.64778328 -9.16842175],[14.01977062 13.77560425 -9.14591122],[ 14.77255821  14.3984499  -11.15868664]
,,,,,,
42:36.0,19333,62.61357185,146.1163965,[15.11770439 14.65177917 -9.17309189],[14.01508999 13.78438282 -9.14462471],[ 14.77096272  14.42207527 -11.15081215]
,,,,,,
42:36.0,24335,61.61568768,199.4970349,[15.1100359  14.65547371 -9.18300724],[14.01250744 13.79099178 -9.13799191],[ 14.77789021  14.43807793 -11.14328003]
,,,,,,
42:36.0,28332,60.6935523,230.7068744,[15.10739899 14.65952587 -9.18100834],[14.00484848 13.80369759 -9.13720894],[ 14.78987885  14.47020721 -11.11223602]
,,,,,,
42:36.0,32333,60.05480334,159.6473293,[15.09945679 14.66737938 -9.18100166],[14.00713348 13.80571938 -9.13109875],[ 14.80198193  14.48167229 -11.10075665]
,,,,,,
42:36.0,36332,60.11130998,14.13019247,[15.10008907 14.67509747 -9.16690731],[14.00336647 13.81557369 -9.12759113],[ 14.8108387   14.49663448 -11.09002781]
,,,,,,
42:36.0,40334,60.28528092,43.47100005,[15.09672642 14.68670082 -9.15129852],[13.99441624 13.83236122 -9.12112331],[ 14.80591106  14.52167702 -11.08157921]
,,,,,,
42:36.0,44333,59.49784466,196.9082907,[15.09075832 14.69099236 -9.15976048],[13.98963451 13.84115696 -9.12147617],[ 14.81664944  14.53513336 -11.07296658]
,,,,,,
42:36.0,48332,59.50606126,2.054662527,[15.09609509 14.68705177 -9.15674305],[13.9865942  13.84314156 -9.13086224],[ 14.82191086  14.54905891 -11.06597519]
,,,,,,
42:36.1,53333,59.24357942,52.48586964,[15.09251404 14.69452763 -9.15259457],[13.98239231 13.84531403 -9.13386822],[ 14.82675648  14.5670166  -11.054842  ]
,,,,,,
42:36.1,57333,59.04829927,48.82003756,[15.08433533 14.70688152 -9.14726639],[13.98353958 13.85126686 -9.12955475],[ 14.83209515  14.57982922 -11.0462656 ]
,,,,,,
42:36.1,61332,58.78272715,66.40963442,[15.08289719 14.71370316 -9.1409111 ],[13.97391987 13.86717319 -9.12207985],[ 14.8309679   14.60148716 -11.03821468]
,,,,,,
42:36.1,65332,58.32516071,114.3916086,[15.08340359 14.71793461 -9.13524246],[13.97025013 13.88054657 -9.11553478],[ 14.84512711  14.61388779 -11.022048  ]
,,,,,,
42:36.1,69333,57.91495707,102.5252789,[15.07891655 14.72586727 -9.1348896 ],[13.97089958 13.88477612 -9.11278152],[ 14.84507275  14.63433552 -11.01144123]
,,,,,,
42:36.1,73332,57.90287717,3.020730115,[15.08328533 14.7248497  -9.13192081],[13.96395111 13.88953114 -9.12109089],[ 14.84906006  14.64842606 -11.00632954]
,,,,,,
42:36.1,78332,57.65076566,50.42230179,[15.07885933 14.73444271 -9.12480354],[13.97213173 13.89161491 -9.11443043],[ 14.85885239  14.65890408 -10.99156857]
,,,,,,
42:36.1,82332,57.58647096,16.07367535,[15.07061005 14.74635124 -9.1204586 ],[13.97286701 13.89532566 -9.11165905],[ 14.85908699  14.67134762 -10.98840618]
,,,,,,
42:36.1,86332,57.5432816,10.79734129,[15.07294083 14.7450676  -9.1208992 ],[13.9624548  13.90656471 -9.11583138],[ 14.86079597  14.67728519 -10.98683548]
,,,,,,
42:36.1,90335,57.03707047,126.4579379,[15.06970406 14.75230694 -9.11783504],[13.95956993 13.91795921 -9.10796547],[ 14.86676693  14.69475651 -10.97331524]
,,,,,,
42:36.1,94335,57.12498568,21.97880204,[15.06927204 14.75686169 -9.11701488],[13.96559048 13.91275787 -9.11223125],[ 14.85506725  14.71727848 -10.9730196 ]
,,,,,,
42:36.1,98333,57.21438485,22.36097288,[15.07146358 14.76430607 -9.10149574],[13.95992184 13.92472076 -9.11004925],[ 14.86875629  14.72575188 -10.95825195]
,,,,,,
42:36.1,103333,57.35870637,28.8643044,[15.06334305 14.77498245 -9.09775066],[13.95399284 13.93062401 -9.11356449],[ 14.86469936  14.73527527 -10.95721912]
,,,,,,
42:36.1,107334,56.7926937,141.4677996,[15.06086445 14.77944851 -9.1055727 ],[13.95918941 13.93357277 -9.10546303],[ 14.86726761  14.7398138  -10.95424747]
,,,,,,
42:36.1,111331,56.81539662,5.679989355,[15.06372738 14.78295994 -9.09740543],[13.95611191 13.94554234 -9.09709454],[ 14.86350727  14.75565529 -10.94914818]
,,,,,,
42:36.1,115331,56.47312884,85.56694649,[15.06208706 14.78872204 -9.0997982 ],[13.95534325 13.94843483 -9.10095024],[ 14.87647152  14.75641727 -10.94029999]
,,,,,,
42:36.1,119332,56.41361769,14.87406662,[15.06051445 14.79309654 -9.09557056],[13.9552002  13.95411396 -9.09902382],[ 14.87350655  14.77070427 -10.93161678]
,,,,,,
42:36.1,124333,55.8750214,107.6977185,[15.06323242 14.79103374 -9.10196018],[13.9486475  13.96105385 -9.10079765],[ 14.87801647  14.7782793  -10.92146206]
,,,,,,
42:36.1,128334,55.98013529,26.27190368,[15.05919266 14.79965973 -9.09661102],[13.95479298 13.9618845  -9.09428787],[ 14.87345886  14.78622437 -10.9204092 ]
,,,,,,
42:36.1,132332,56.5221932,135.5822679,[15.05681705 14.80814171 -9.08912659],[13.95859337 13.96412468 -9.09179306],[ 14.87312794  14.77923679 -10.92947102]
,,,,,,
42:36.1,136333,56.35441377,41.93437235,[15.06037998 14.80657768 -9.09536934],[13.96544075 13.96045876 -9.09076881],[ 14.87395573  14.77715206 -10.93224907]
,,,,,,
42:36.1,140333,56.58130096,56.72179613,[15.06689262 14.80672741 -9.08692837],[13.9614563  13.96968842 -9.08599281],[ 14.87256908  14.78395176 -10.93179607]
,,,,,,
42:36.1,144848,56.50808095,16.21705587,[15.06829834 14.80869198 -9.08606434],[13.96073341 13.97612762 -9.07900333],[ 14.87097836  14.78570938 -10.93154049]
,,,,,,
42:36.1,148364,56.28975719,62.09435867,[15.07122612 14.810606   -9.08508873],[13.96281624 13.9787302  -9.07458973],[ 14.86693001  14.79983902 -10.92387104]
,,,,,,
42:36.2,153367,56.32863272,7.770445227,[15.07061958 14.8140564  -9.08726597],[13.96117592 13.98923969 -9.07190323],[ 14.86759758  14.7959671  -10.92759418]
,,,,,,
42:36.2,157364,56.21738899,27.83180653,[15.07537365 14.81323242 -9.08779621],[13.964324   13.98899174 -9.0720768 ],[ 14.87276649  14.7950573  -10.92263889]
,,,,,,
42:36.2,161364,56.38466464,41.81891211,[15.07988262 14.81264877 -9.08664703],[13.96950245 13.98687458 -9.0715065 ],[ 14.874753    14.78952312 -10.92546844]
,,,,,,
42:36.2,165363,56.49525253,27.65388648,[15.08159351 14.81525993 -9.08728886],[13.96955681 13.99045658 -9.0722847 ],[ 14.87133789  14.79070282 -10.92686558]
,,,,,,
42:36.2,169366,56.94922412,113.4078414,[15.08381081 14.81724358 -9.08589363],[13.97681999 13.98103237 -9.08011341],[ 14.8654089   14.79036713 -10.93311214]
,,,,,,
42:36.2,173364,57.22886123,69.94425011,[15.08678436 14.82141781 -9.08548546],[13.97948837 13.97463989 -9.08837128],[ 14.86625957  14.78447437 -10.93542385]
,,,,,,
42:36.2,178367,57.15412424,14.93843512,[15.08993626 14.82073498 -9.08814049],[13.98450565 13.97502518 -9.08415127],[ 14.86499119  14.78276253 -10.93615437]
,,,,,,
42:36.2,182364,57.14847161,1.414219988,[15.09644604 14.8156929  -9.0951252 ],[13.99088001 13.97242928 -9.0838232 ],[ 14.86277103  14.77719498 -10.94291401]
,,,,,,
42:36.2,186363,57.10906438,9.854270859,[15.10078716 14.81516266 -9.09734058],[13.99410343 13.97615433 -9.07755184],[ 14.86188698  14.77317429 -10.9459734 ]
,,,,,,
42:36.2,190364,57.36330982,63.54547507,[15.10254192 14.81768322 -9.09798813],[13.99973488 13.97886944 -9.06919575],[ 14.85600471  14.763134   -10.95700836]
,,,,,,
42:36.2,194363,57.84282408,119.9085415,[15.10708046 14.81917095 -9.09628105],[14.00374031 13.9783287  -9.0696106 ],[ 14.84545231  14.7617712  -10.96641064]
,,,,,,
42:36.2,199364,57.82805416,2.953392802,[15.10924339 14.81899834 -9.10346508],[14.0104723  13.97195816 -9.0717268 ],[ 14.84670258  14.75073242 -10.97256184]
,,,,,,
42:36.2,203364,58.37975446,137.9250732,[15.11305714 14.81806755 -9.10791683],[14.01907158 13.96728134 -9.07221508],[ 14.83648396  14.7344265  -10.99134636]
,,,,,,
42:36.2,207364,58.70134745,80.39824866,[15.12306404 14.81581211 -9.10254288],[14.02574253 13.96074772 -9.07377148],[ 14.83742619  14.73005772 -10.98974037]
,,,,,,
42:36.2,211364,58.63507298,16.56861811,[15.12640858 14.81359959 -9.10761356],[14.03061104 13.96490097 -9.06739426],[ 14.83100605  14.72775173 -10.99198055]
,,,,,,
42:36.2,215364,58.90606301,67.74750812,[15.13199329 14.81056499 -9.10935211],[14.03415298 13.95994091 -9.06779861],[ 14.82061195  14.72391891 -10.99896622]
,,,,,,
42:36.2,219363,58.96807215,15.50616119,[15.141922   14.80422401 -9.11390305],[14.04233932 13.95547295 -9.06910038],[ 14.82394886  14.71281624 -11.00128078]
,,,,,,
42:36.2,224364,59.25546976,57.46802844,[15.14561462 14.80142689 -9.12151337],[14.05480003 13.94996262 -9.06270695],[ 14.81519413  14.69390869 -11.0212059 ]
,,,,,,
42:36.2,228363,59.92025211,166.2371477,[15.14865875 14.79998875 -9.12597466],[14.04685497 13.95018482 -9.07523823],[ 14.80989361  14.67224407 -11.03855228]
,,,,,,
42:36.2,232364,60.18036491,65.01194701,[15.14781284 14.79958248 -9.1316967 ],[14.05843449 13.9400835  -9.07455444],[ 14.79405689  14.66837692 -11.05000877]
,,,,,,
42:36.2,236366,60.17975401,0.152648744,[15.14775181 14.80251789 -9.13513565],[14.06059456 13.93618202 -9.07686806],[ 14.79806042  14.65522766 -11.04936409]
,,,,,,
42:36.2,240363,60.99131676,203.042969,[15.15621948 14.79959869 -9.12894726],[14.07511806 13.92956448 -9.06990623],[ 14.78338146  14.64380074 -11.06489468]
,,,,,,
42:36.2,244364,62.12416693,283.141758,[15.1655674  14.79502964 -9.12622929],[14.07324886 13.9259367  -9.08114433],[ 14.77709198  14.6169281  -11.08734894]
,,,,,,
42:36.2,248364,61.92958844,48.64462215,[15.16791534 14.79196548 -9.13689327],[14.08860683 13.91472435 -9.07908058],[ 14.77593994  14.60549164 -11.09062386]
,,,,,,
42:36.3,253364,62.31901941,77.88619278,[15.16575241 14.79660606 -9.14000034],[14.09269047 13.90921021 -9.08248615],[ 14.75885296  14.60326958 -11.09945488]
,,,,,,
42:36.3,257366,62.9026885,145.8443512,[15.17230892 14.79070187 -9.14706993],[14.09839153 13.90240765 -9.08580875],[ 14.74924374  14.57808304 -11.12061787]
,,,,,,
42:36.3,261365,63.07153278,42.22162416,[15.17992592 14.78321648 -9.15286922],[14.10654068 13.90094757 -9.08093452],[ 14.74477863  14.56206036 -11.13152981]
,,,,,,
42:36.3,265365,63.32062702,62.27356095,[15.18424511 14.78136444 -9.15503502],[14.10534191 13.90458679 -9.07796669],[ 14.73296165  14.55674076 -11.14001179]
,,,,,,
42:36.3,269365,64.00386375,170.8091827,[15.19062901 14.77735043 -9.1595459 ],[14.11119556 13.89708138 -9.08429623],[ 14.72277069  14.53502464 -11.15713978]
,,,,,,
42:36.3,274368,63.80954123,38.84120013,[15.19376183 14.77661896 -9.16556454],[14.12045765 13.89445305 -9.07431793],[ 14.71996403  14.5228405  -11.15951252]
,,,,,,
42:36.3,278366,63.99628562,46.70945357,[15.20421219 14.7673645  -9.16909885],[14.12172508 13.89581394 -9.06901169],[ 14.71556091  14.50423813 -11.16746521]
,,,,,,
42:36.3,282364,64.33258277,84.11634438,[15.20901012 14.76002312 -9.17884636],[14.12883186 13.88356018 -9.07678509],[ 14.70566273  14.48818684 -11.18089771]
,,,,,,
42:36.3,286364,65.31064643,244.5159159,[15.21456242 14.75891781 -9.18324566],[14.13136292 13.87975788 -9.08224297],[ 14.68413925  14.46517658 -11.20818329]
,,,,,,
42:36.3,290365,65.59789543,71.79430189,[15.2150259  14.76150894 -9.18553543],[14.14464569 13.86713028 -9.08165455],[ 14.6805706   14.44946289 -11.2177515 ]
,,,,,,
42:36.3,294363,65.96479269,91.77019939,[15.22415543 14.75129414 -9.19040489],[14.14337254 13.86817551 -9.08256626],[ 14.6688652   14.43532085 -11.22778225]
,,,,,,
42:36.3,298364,66.86235441,224.3343474,[15.23003769 14.7502327  -9.18746948],[14.15083694 13.85525513 -9.09536457],[ 14.66301632  14.41907978 -11.23618793]
,,,,,,
42:36.3,303366,67.16086787,59.67881853,[15.23262215 14.74887276 -9.19283772],[14.15140152 13.85429478 -9.09450531],[ 14.65647793  14.39857006 -11.25027847]
,,,,,,
42:36.3,307364,67.6752271,128.6541359,[15.23379517 14.75032711 -9.19439125],[14.1630125  13.84566402 -9.09250355],[ 14.64605618  14.38111973 -11.26724911]
,,,,,,
42:36.3,311364,68.15257681,119.3374269,[15.24081039 14.74251556 -9.19815159],[14.16213989 13.84005356 -9.09806728],[ 14.6380024   14.36067486 -11.27582359]
,,,,,,
42:36.3,315364,68.9669122,203.5838489,[15.24129772 14.74389553 -9.19915009],[14.16565418 13.83428478 -9.10693932],[ 14.6263628   14.34272194 -11.28975773]
,,,,,,
42:36.3,319365,69.33784133,92.70910343,[15.24767685 14.7409153  -9.20275116],[14.16893005 13.83025169 -9.1057272 ],[ 14.61843586  14.32392311 -11.30561161]
,,,,,,
42:36.3,324363,69.70202662,72.866206,[15.25589657 14.73490334 -9.20665169],[14.17844105 13.81996346 -9.11113453],[ 14.6115036   14.31264877 -11.30913162]
,,,,,,
42:36.3,328364,70.11697898,103.7121606,[15.24701977 14.74002457 -9.21865082],[14.18327618 13.81333637 -9.11358452],[ 14.59820747  14.28448868 -11.33700848]
,,,,,,
42:36.3,332364,70.60126874,121.0724413,[15.25692749 14.73025131 -9.2222271 ],[14.18961048 13.80712509 -9.11090183],[ 14.58900928  14.25859261 -11.35617065]
,,,,,,
42:36.3,336364,71.1695614,142.0731649,[15.25983334 14.72984028 -9.22231102],[14.19231892 13.80074883 -9.11386967],[ 14.57231808  14.2505188  -11.36996365]
,,,,,,
42:36.3,340366,71.55821048,97.11371161,[15.26225758 14.72917843 -9.21890068],[14.1901226  13.80277443 -9.1134882 ],[ 14.57696152  14.22897243 -11.37219524]
,,,,,,
42:36.3,344364,71.90105372,85.75368866,[15.26578712 14.72671223 -9.22427845],[14.18680573 13.80497169 -9.1102953 ],[ 14.56063652  14.2102499  -11.38825035]
,,,,,,
42:36.3,348364,72.58124936,170.0489099,[15.27052975 14.72382069 -9.22485638],[14.19176197 13.79107189 -9.12147331],[ 14.54702759  14.20274544 -11.40043926]
,,,,,,
42:36.4,353364,73.10418134,104.5863956,[15.27916527 14.71433163 -9.22823429],[14.1938076  13.78503609 -9.12914753],[ 14.54870319  14.17663288 -11.41165447]
,,,,,,
42:36.4,357364,73.60778838,125.9017608,[15.27585125 14.72069263 -9.22703648],[14.19629574 13.78137112 -9.12784004],[ 14.53270054  14.16666508 -11.4258728 ]
,,,,,,
42:36.4,361363,73.8189742,52.80965519,[15.27252388 14.71942806 -9.23613644],[14.20054626 13.77745914 -9.12710094],[ 14.52394485  14.14349556 -11.44300556]
,,,,,,
42:36.4,365364,74.26182711,110.6855579,[15.27628708 14.71517849 -9.23660946],[14.20435238 13.7698307  -9.13118076],[ 14.52262688  14.1238842  -11.45059395]
,,,,,,
42:36.4,369364,74.58955599,81.93222009,[15.27599716 14.71533489 -9.23705959],[14.20332146 13.76445103 -9.13314819],[ 14.51174259  14.11462784 -11.45720577]
,,,,,,
42:36.4,373366,74.69236538,25.6895009,[15.27693081 14.71275997 -9.24075603],[14.20010948 13.76259041 -9.13467979],[ 14.51838875  14.0901556  -11.45902634]
,,,,,,
42:36.4,378366,75.21316841,104.1606062,[15.2764864  14.71273327 -9.2427578 ],[14.20109844 13.75998783 -9.13382244],[ 14.50304794  14.07167816 -11.47936821]
,,,,,,
42:36.4,382366,75.93831538,181.2867437,[15.28229904 14.70676231 -9.24298954],[14.20099354 13.7504282  -9.14512825],[ 14.49344921  14.05655098 -11.49333572]
,,,,,,
42:36.4,386364,76.19855051,65.09132645,[15.28232861 14.70710945 -9.24320507],[14.20739746 13.73456478 -9.14997864],[ 14.48371792  14.05392265 -11.49721718]
,,,,,,
42:36.4,390364,76.63200679,108.3640702,[15.28256989 14.70408154 -9.24802113],[14.20869827 13.73540783 -9.15132809],[ 14.47546673  14.03229713 -11.51197815]
,,,,,,
42:36.4,394365,77.16661559,133.6187969,[15.28034401 14.70452023 -9.25033855],[14.19989109 13.73401928 -9.16176414],[ 14.47900391  14.00417709 -11.52095127]
,,,,,,
42:36.4,399365,76.75133725,83.05566905,[15.28110027 14.70447922 -9.24965858],[14.20652008 13.73415661 -9.14418983],[ 14.47629547  14.00133419 -11.51674175]
,,,,,,
42:36.4,403367,77.37473568,155.7717212,[15.28092289 14.70212364 -9.25109482],[14.20445061 13.72681236 -9.15325069],[ 14.46365166  13.98678017 -11.52921867]
,,,,,,
42:36.4,407365,77.6565635,70.49220258,[15.27982998 14.70110416 -9.25359917],[14.20868301 13.71833134 -9.15559864],[ 14.4560833   13.97487926 -11.53954601]
,,,,,,
42:36.4,411364,77.62322993,8.335475641,[15.28205872 14.69492245 -9.25589657],[14.20936394 13.71516132 -9.15550137],[ 14.46216965  13.96078682 -11.5345335 ]
,,,,,,
42:36.4,415364,77.96569241,85.6156184,[15.2878418  14.68786716 -9.25476742],[14.20780659 13.71041203 -9.15957451],[ 14.45438957  13.95476151 -11.53800106]
,,,,,,
42:36.4,419364,78.37932221,103.40745,[15.28258991 14.68832684 -9.26084042],[14.20832443 13.70485592 -9.16414928],[ 14.45069122  13.92697811 -11.55713081]
,,,,,,
42:36.4,424364,78.44894314,13.92418602,[15.28227806 14.6863203  -9.25770473],[14.20958805 13.70451736 -9.15844059],[ 14.44447041  13.9248867  -11.55739975]
,,,,,,
42:36.4,427873,78.59513814,41.66286832,[15.2789526  14.68669701 -9.26085854],[14.20862484 13.70093632 -9.1605978 ],[ 14.43563175  13.9184885  -11.56027889]
,,,,,,
42:36.4,431883,79.18685626,147.5606279,[15.283885   14.68190575 -9.25599289],[14.20881844 13.6914053  -9.16566467],[ 14.43031788  13.90399933 -11.56937218]
,,,,,,
42:36.4,435882,78.83456402,88.09508479,[15.28253555 14.68118858 -9.25889874],[14.20889473 13.68868351 -9.16359234],[ 14.44169998  13.89677715 -11.55570412]
,,,,,,
42:36.4,440884,78.9639522,25.86728947,[15.28121853 14.67709732 -9.26313591],[14.20891953 13.68684292 -9.16180992],[ 14.43491936  13.88171291 -11.5681982 ]
,,,,,,
42:36.4,444882,79.11079947,36.73018331,[15.27945518 14.67600346 -9.26229954],[14.20379829 13.69078827 -9.15756893],[ 14.42858791  13.87120247 -11.57582474]
,,,,,,
42:36.4,448883,79.3233787,53.131525,[15.28022003 14.67321014 -9.25939941],[14.2058382  13.68516064 -9.15864468],[ 14.42727375  13.86548233 -11.57492447]
,,,,,,
42:36.5,452882,79.58054481,64.30760437,[15.27999306 14.67103386 -9.258358  ],[14.20627117 13.67857933 -9.16293144],[ 14.42787457  13.85604477 -11.57884312]
,,,,,,
42:36.5,456883,79.38629466,48.5504003,[15.27992725 14.66659355 -9.26228333],[14.20998192 13.67322254 -9.16106796],[ 14.43010902  13.8494091  -11.57353973]
,,,,,,
42:36.5,460883,79.74490824,89.65339544,[15.28687    14.66086578 -9.25435352],[14.21382713 13.66707516 -9.15900803],[ 14.42497253  13.84601784 -11.5763588 ]
,,,,,,
42:36.5,465883,79.74147454,0.686739897,[15.28757858 14.6566391  -9.25518417],[14.21780109 13.65545368 -9.16337967],[ 14.42695808  13.84444046 -11.57233906]
,,,,,,
42:36.5,469882,79.9539424,53.13024681,[15.28634548 14.65626907 -9.25076199],[14.21303082 13.65595722 -9.16493797],[ 14.42737103  13.84020138 -11.56960106]
,,,,,,
42:36.5,473882,79.87613577,19.45165837,[15.28474426 14.65618896 -9.24923134],[14.21780968 13.65026855 -9.15986633],[ 14.43007088  13.83351612 -11.56768513]
,,,,,,
42:36.5,477883,79.59404491,70.5050875,[15.28107357 14.65462303 -9.25523376],[14.22248268 13.64367199 -9.15822983],[ 14.42881107  13.83194828 -11.56633568]
,,,,,,
42:36.5,481882,79.78978012,48.94603949,[15.28217602 14.65219975 -9.25057316],[14.21843719 13.65035343 -9.15190697],[ 14.42811394  13.82076168 -11.57426262]
,,,,,,
42:36.5,485882,79.84099246,12.80308398,[15.28207874 14.65079021 -9.2482729 ],[14.2215538  13.64672375 -9.15040207],[ 14.42606735  13.82123089 -11.57255554]
,,,,,,
42:36.5,490884,80.05826063,43.4362592,[15.28793716 14.64378929 -9.24452782],[14.21646309 13.64296913 -9.15643692],[ 14.42917347  13.81833839 -11.57005119]
,,,,,,
42:36.5,494882,79.79391719,66.11891825,[15.29410744 14.63384056 -9.24478149],[14.21943569 13.63746548 -9.15365314],[ 14.43426991  13.81849957 -11.56134129]
,,,,,,
42:36.5,498883,79.7929541,0.240712008,[15.29607868 14.62729645 -9.2470789 ],[14.22215366 13.63248825 -9.15532589],[ 14.43643284  13.81242847 -11.56316662]
,,,,,,
42:36.5,502882,79.65452985,34.61471733,[15.29391575 14.62610912 -9.24512291],[14.22156525 13.6322546  -9.15351963],[ 14.43977642  13.81566238 -11.55527687]
,,,,,,
42:36.5,506883,79.67469362,5.039683316,[15.29136276 14.62716103 -9.23894501],[14.22465324 13.63110638 -9.14562416],[ 14.4378376   13.81573486 -11.55673885]
,,,,,,
42:36.5,510882,79.45566844,54.7699871,[15.29194832 14.62164402 -9.24149227],[14.22138691 13.62981033 -9.14712048],[ 14.44333267  13.81484318 -11.55114746]
,,,,,,
42:36.5,515882,79.36736127,17.66143483,[15.29338169 14.61603546 -9.23979759],[14.22028637 13.62883472 -9.1453104 ],[ 14.44687557  13.81340504 -11.54705811]
,,,,,,
42:36.5,519882,79.4619665,23.65130811,[15.2917738  14.61666012 -9.23247433],[14.22141457 13.62433147 -9.1446619 ],[ 14.45759106  13.80815792 -11.54000282]
,,,,,,
42:36.5,523883,79.5455624,20.89375053,[15.29267025 14.61409664 -9.22765064],[14.22252369 13.61796284 -9.14620972],[ 14.46405125  13.80599785 -11.53737831]
,,,,,,
42:36.5,527883,79.09267632,113.2215203,[15.29162884 14.611022   -9.22735023],[14.23064899 13.60894871 -9.14156342],[ 14.47394657  13.81112003 -11.52549458]
,,,,,,
42:36.5,531882,78.89809091,48.65851602,[15.29275703 14.60650539 -9.22813225],[14.22770023 13.60962391 -9.13965511],[ 14.46770668  13.820508   -11.523036  ]
,,,,,,
42:36.5,535882,78.56761537,82.61888439,[15.29656696 14.598526   -9.22699261],[14.22440529 13.61110783 -9.13697624],[ 14.47025394  13.83085537 -11.51351738]
,,,,,,
42:36.5,540883,78.36828548,39.85800808,[15.29410362 14.59828091 -9.22352982],[14.22662067 13.60782528 -9.13553619],[ 14.48557377  13.82839584 -11.50157261]
,,,,,,
42:36.5,544883,78.08150111,71.6960908,[15.28978252 14.59794235 -9.22634602],[14.22595882 13.60447598 -9.13410854],[ 14.48721409  13.82982635 -11.49935722]
,,,,,,
42:36.5,548883,78.13200762,12.62662799,[15.29104614 14.59331989 -9.21998882],[14.22049999 13.61107349 -9.13038635],[ 14.49082565  13.83032894 -11.50044537]
,,,,,,
42:36.6,552883,77.85614621,68.96535485,[15.29076481 14.590662   -9.2175169 ],[14.21906853 13.60950661 -9.13036251],[ 14.50107098  13.83701992 -11.49038029]
,,,,,,
42:36.6,556883,77.40868939,111.864203,[15.28695011 14.58959579 -9.2167635 ],[14.2190733  13.607687   -9.13044167],[ 14.51242065  13.84860039 -11.47396088]
,,,,,,
42:36.6,560882,77.13252029,69.05954039,[15.2848959  14.58664131 -9.21943665],[14.21876335 13.60582542 -9.12815666],[ 14.51322651  13.85088062 -11.4743166 ]
,,,,,,
42:36.6,565882,76.89782459,46.93914095,[15.28411674 14.58418083 -9.21721458],[14.21531105 13.60913277 -9.12545967],[ 14.51460552  13.86102009 -11.46786118]
,,,,,,
42:36.6,569882,76.50802336,97.45030709,[15.28155613 14.58351803 -9.21709442],[14.21611404 13.60546303 -9.12643719],[ 14.52818012  13.86766624 -11.45826912]
,,,,,,
42:36.6,573881,76.38064958,31.8514083,[15.28436852 14.57945347 -9.20739555],[14.21152115 13.61051846 -9.12270641],[ 14.54016685  13.87470341 -11.44667816]
,,,,,,
42:36.6,577882,76.01356761,91.74755578,[15.28096771 14.57918549 -9.20562363],[14.21042442 13.61182404 -9.12013626],[ 14.54920483  13.88348007 -11.43725014]
,,,,,,
42:36.6,581883,75.80206565,52.86227342,[15.27857876 14.57990646 -9.20136642],[14.20942402 13.61156178 -9.12051201],[ 14.55029392  13.90261078 -11.42757607]
,,,,,,
42:36.6,585884,75.67915995,30.71874434,[15.27701092 14.57821751 -9.19864273],[14.20638275 13.61155701 -9.11867809],[ 14.55124664  13.9085207  -11.42748356]
,,,,,,
42:36.6,590884,75.00045565,135.74086,[15.27903748 14.56987667 -9.20267677],[14.20515537 13.60920715 -9.11978436],[ 14.56225586  13.92266846 -11.41273975]
,,,,,,
42:36.6,594884,74.48752453,128.2327799,[15.27488041 14.56886387 -9.20462132],[14.20164299 13.61155891 -9.11966133],[ 14.56846905  13.93720436 -11.40156746]
,,,,,,
42:36.6,598884,74.08030517,101.8048405,[15.27017117 14.56991673 -9.20449638],[14.19421768 13.61461735 -9.12468147],[ 14.57430267  13.9569273  -11.38614082]
,,,,,,
42:36.6,602882,73.8546934,56.43115786,[15.26582718 14.57255173 -9.19951344],[14.19542313 13.61517715 -9.11990356],[ 14.58853245  13.95659828 -11.37992096]
,,,,,,
42:36.6,606882,73.85654101,0.461902781,[15.26339245 14.57352543 -9.19527054],[14.19366837 13.61885166 -9.11796093],[ 14.5867033   13.96745491 -11.38323212]
,,,,,,
42:36.6,610883,73.29704978,139.8378478,[15.26185989 14.57159901 -9.19422245],[14.19350433 13.61771107 -9.11695099],[ 14.60136604  13.97925377 -11.36731243]
,,,,,,
42:36.6,615883,72.34038917,191.332122,[15.26042366 14.56898785 -9.19630527],[14.19496727 13.61717606 -9.11205578],[ 14.61053276  14.00571442 -11.34582901]
,,,,,,
42:36.6,619882,72.42676028,21.59817469,[15.25786591 14.56882668 -9.19114971],[14.19048309 13.6174202  -9.11735725],[ 14.61045933  14.01849747 -11.3423624 ]
,,,,,,
42:36.6,623885,71.8894396,134.229498,[15.25450611 14.56769753 -9.19421482],[14.17847633 13.6297636  -9.11219501],[ 14.61415863  14.02755451 -11.34101105]
,,,,,,
42:36.6,627883,71.25358081,159.0442184,[15.25237846 14.56781483 -9.19248867],[14.1738472  13.63554001 -9.10709953],[ 14.63136959  14.03641415 -11.32776165]
,,,,,,
42:36.6,631882,71.21971114,8.469534997,[15.24454784 14.57194328 -9.1889267 ],[14.17154408 13.63449669 -9.10780907],[ 14.62931442  14.04848003 -11.3297081 ]
,,,,,,
42:36.6,635883,70.72119354,124.5982516,[15.23910236 14.57491302 -9.18509102],[14.15919971 13.64255619 -9.11338711],[ 14.65011787  14.06219196 -11.30746555]
,,,,,,
42:36.6,640883,70.49808272,44.62216362,[15.23250771 14.57626057 -9.18259811],[14.16267872 13.64375401 -9.10630226],[ 14.64782715  14.07608986 -11.31059742]
,,,,,,
42:36.6,644882,69.88860381,152.4078292,[15.22554874 14.58008194 -9.18071365],[14.15488815 13.64797401 -9.10701466],[ 14.65639019  14.09942722 -11.29469204]
,,,,,,
42:36.6,648883,69.18390107,176.1316505,[15.22377968 14.57742023 -9.18260574],[14.14999866 13.65067577 -9.10949326],[ 14.67575359  14.11215782 -11.27977276]
,,,,,,
42:36.7,652882,69.00032922,45.9044401,[15.2222805  14.5779314  -9.17527294],[14.14523983 13.65809441 -9.10681152],[ 14.68104744  14.12910748 -11.27226067]
,,,,,,
42:36.7,656882,68.57276368,106.8913856,[15.21924019 14.5811615  -9.17257881],[14.14311028 13.66528511 -9.09848785],[ 14.6848917   14.14521503 -11.27049351]
,,,,,,
42:36.7,660883,68.49907627,18.41724662,[15.21553707 14.58736992 -9.16024494],[14.13863468 13.66665077 -9.1026535 ],[ 14.69978809  14.16124439 -11.2535944 ]
,,,,,,
42:36.7,665883,67.87336608,125.1420377,[15.21040726 14.59050179 -9.16041756],[14.12642384 13.67808342 -9.1044817 ],[ 14.71514702  14.17699814 -11.24022293]
,,,,,,
42:36.7,669882,67.0704974,200.7673637,[15.20436668 14.59034348 -9.16659641],[14.11915493 13.68315697 -9.1081419 ],[ 14.72541237  14.19662762 -11.22592449]
,,,,,,
42:36.7,673884,66.51960384,137.6545616,[15.20122814 14.59098244 -9.16546249],[14.11246967 13.68795776 -9.11287594],[ 14.73948574  14.21727753 -11.21186829]
,,,,,,
42:36.7,677882,66.05592724,115.9771395,[15.19446087 14.59594917 -9.16447449],[14.10478306 13.70410061 -9.10289001],[ 14.73877621  14.23690414 -11.2115469 ]
,,,,,,
42:36.7,681882,65.7707887,71.28463527,[15.18827057 14.60398006 -9.15682602],[14.10256386 13.7026825  -9.10726166],[ 14.75162029  14.25675774 -11.19637108]
,,,,,,
42:36.7,685882,65.65114043,29.91206625,[15.18821907 14.60521507 -9.14770222],[14.09059811 13.71849918 -9.10422516],[ 14.7655735   14.26554394 -11.19307232]
,,,,,,
42:36.7,690883,64.96845561,136.509663,[15.18704796 14.60375786 -9.15117645],[14.09136677 13.71747494 -9.10716724],[ 14.77763081  14.28429794 -11.17947197]
,,,,,,
42:36.7,694882,64.43917413,132.3534567,[15.18326759 14.60755825 -9.147439  ],[14.09417439 13.71755028 -9.1023283 ],[ 14.77851391  14.3139782  -11.16669655]
,,,,,,
42:36.7,698882,63.78565312,163.3802537,[15.17577076 14.61401939 -9.14940453],[14.09126759 13.72584438 -9.09925842],[ 14.78767776  14.33414078 -11.1587801 ]
,,,,,,
42:36.7,702883,63.58723078,49.59318731,[15.17317867 14.61961842 -9.14274788],[14.0833149  13.73694801 -9.09635448],[ 14.80027676  14.34191036 -11.15257072]
,,,,,,
42:36.7,706882,62.43024643,289.3184151,[15.17547417 14.61702538 -9.14069366],[14.07790184 13.74579906 -9.08938885],[ 14.8235178   14.36487007 -11.12304211]
,,,,,,
42:36.7,710882,62.12036209,77.47108679,[15.17052841 14.62118149 -9.13971901],[14.07500362 13.75337505 -9.09043789],[ 14.83473492  14.37532616 -11.11571884]
,,,,,,
42:36.7,715883,62.15245211,6.416720665,[15.17514801 14.61943054 -9.13053894],[14.06499386 13.76803493 -9.09142399],[ 14.83887959  14.3944664  -11.10987186]
,,,,,,
42:36.7,719882,61.54848192,151.0303046,[15.16816425 14.62737179 -9.12972355],[14.06546688 13.76799965 -9.09022617],[ 14.84316444  14.41991138 -11.09466076]
,,,,,,
42:36.7,723882,60.94581155,150.6675921,[15.1617136  14.63457584 -9.12831402],[14.06155968 13.77495384 -9.08696079],[ 14.85692596  14.43391037 -11.08213902]
,,,,,,
42:36.7,727887,60.72395939,55.39379876,[15.14932156 14.6467762  -9.12795734],[14.05461121 13.7812767  -9.09239674],[ 14.85721207  14.45395374 -11.07619762]
,,,,,,
42:36.7,731882,59.95546217,192.3647592,[15.15117931 14.64256763 -9.13017273],[14.05526829 13.78118801 -9.09362602],[ 14.86810493  14.47627735 -11.05771923]
,,,,,,
42:36.7,735883,59.20423536,187.7597626,[15.1415062  14.65304279 -9.1274538 ],[14.04122829 13.79138279 -9.09813976],[ 14.88300991  14.49895477 -11.03280258]
,,,,,,
42:36.7,740883,59.51442733,62.03839394,[15.13647366 14.66222191 -9.11864471],[14.04333115 13.79031944 -9.09951305],[ 14.88310242  14.50977325 -11.03648758]
,,,,,,
42:36.7,744883,59.28342884,57.74962215,[15.13586044 14.66820335 -9.10250854],[14.04312897 13.80412292 -9.08581352],[ 14.89395809  14.53202534 -11.02092934]
,,,,,,
42:36.7,748883,59.14523289,34.54898845,[15.1336441  14.67266464 -9.10237885],[14.03695107 13.81091022 -9.08978653],[ 14.89908791  14.54086494 -11.01831245]
,,,,,,
42:36.8,752883,58.78049774,91.18378714,[15.13521767 14.67276382 -9.10008049],[14.03679085 13.81575966 -9.08747005],[ 14.9055872   14.55476665 -11.00603199]
,,,,,,
42:36.8,756882,57.40272591,344.5290894,[15.13313103 14.67345905 -9.10750198],[14.02608776 13.82713032 -9.08612728],[ 14.93055534  14.56937218 -10.97764015]
,,,,,,
42:36.8,761883,57.57316098,34.08019662,[15.12906456 14.67966175 -9.10306454],[14.03354073 13.82318306 -9.08818626],[ 14.92696381  14.58524513 -10.97868919]
,,,,,,
42:36.8,765882,57.90100988,81.98272101,[15.13027763 14.68467045 -9.08898067],[14.02985954 13.83301353 -9.0838356 ],[ 14.93734646  14.58585167 -10.97758961]
,,,,,,
42:36.8,769883,57.51230389,97.15220995,[15.12657166 14.69085789 -9.0870676 ],[14.02028942 13.84628105 -9.08695316],[ 14.93939781  14.61079121 -10.96244907]
,,,,,,
42:36.8,773883,57.1217252,97.64467179,[15.12014771 14.69707489 -9.0888567 ],[14.02332878 13.84307289 -9.09172058],[ 14.94622612  14.62627506 -10.95353508]
,,,,,,
42:36.8,777881,57.08551086,9.058113051,[15.1123457  14.71249294 -9.07989693],[14.02327633 13.84349537 -9.09331036],[ 14.95736599  14.63247013 -10.9419651 ]
,,,,,,
42:36.8,781884,56.8697058,53.91083197,[15.1134901  14.71102715 -9.08083439],[14.01981544 13.85236168 -9.08991146],[ 14.95562172  14.64622211 -10.94175243]
,,,,,,
42:36.8,785882,56.46081814,102.2730533,[15.1110754  14.71690464 -9.07711792],[14.01444149 13.86153889 -9.0850935 ],[ 14.96331406  14.65701008 -10.92831135]
,,,,,,
42:36.8,789882,56.04485068,103.9918636,[15.11164665 14.71697521 -9.07689953],[14.00681114 13.87632084 -9.07741451],[ 14.96504879  14.67081738 -10.92214966]
,,,,,,
42:36.8,794883,56.31153159,53.32551711,[15.11007309 14.7187109  -9.0798254 ],[14.01012135 13.86965847 -9.09272957],[ 14.97844887  14.66050911 -10.92997646]
,,,,,,
42:36.8,798883,55.73225493,144.8191647,[15.10913086 14.7226944  -9.07645798],[14.00482559 13.88546562 -9.08095169],[ 14.98013973  14.68133068 -10.91401958]
,,,,,,
42:36.8,802882,55.21350202,129.7206575,[15.10416126 14.72838497 -9.07730198],[14.00642014 13.88956451 -9.07302952],[ 14.98345757  14.69115829 -10.9027338 ]
,,,,,,
42:36.8,806883,55.5123316,74.68872134,[15.10668087 14.72978973 -9.07291031],[14.00186253 13.89278316 -9.07855606],[ 14.98648739  14.6884737  -10.90405178]
,,,,,,
42:36.8,810883,55.5810211,17.17237643,[15.10769176 14.73252392 -9.06661797],[14.00102901 13.89871693 -9.07809544],[ 14.9887495   14.69730663 -10.89770508]
,,,,,,
42:36.8,815884,54.99834694,116.5115306,[15.11075115 14.72858334 -9.07879639],[13.99896431 13.90020943 -9.08070278],[ 14.99158001  14.70296097 -10.89629745]
,,,,,,
42:36.8,819884,55.26048417,65.53430776,[15.1116972  14.73176003 -9.07211304],[14.00139618 13.90168762 -9.07763767],[ 14.99135876  14.70366001 -10.89728737]
,,,,,,
42:36.8,823882,54.95145727,77.29537213,[15.10922241 14.73390007 -9.07786465],[14.00302601 13.90155029 -9.07888603],[ 14.99526405  14.70599842 -10.89524078]
,,,,,,
42:36.8,827882,55.05779024,26.5832421,[15.11320019 14.73580456 -9.0681448 ],[14.00473785 13.90316486 -9.07725811],[ 14.99743462  14.71537685 -10.88518715]
,,,,,,
42:36.8,831883,55.24839005,47.6380428,[15.11396503 14.73860645 -9.06550789],[14.00428295 13.90681839 -9.07510185],[ 14.99703693  14.71349144 -10.88987446]
,,,,,,
42:36.8,835883,55.19879549,12.398641,[15.11614609 14.73865414 -9.06750584],[14.00721645 13.90701008 -9.07366657],[ 14.99846268  14.71255493 -10.89199352]
,,,,,,
42:36.8,840883,55.19307595,1.143907957,[15.11437035 14.74158859 -9.0680809 ],[14.00985146 13.90590763 -9.07651424],[ 15.00152206  14.7113533  -10.88893604]
,,,,,,
42:36.8,844883,55.26594913,18.21829705,[15.11401176 14.74320698 -9.06823921],[14.01397514 13.90422916 -9.07586479],[ 15.00012875  14.71231747 -10.89167213]
,,,,,,
42:36.8,848883,55.63019714,91.06200151,[15.11617661 14.74369907 -9.06776333],[14.01675606 13.89921856 -9.08309364],[ 14.99636459  14.71079826 -10.89781857]
,,,,,,
42:36.9,852884,55.92765619,74.34617616,[15.11837578 14.74633217 -9.0630827 ],[14.01719475 13.90285587 -9.07960701],[ 14.99272251  14.70967007 -10.90224838]
,,,,,,
42:36.9,856882,55.84886982,19.70644624,[15.12320232 14.74416542 -9.06583023],[14.02177811 13.90112782 -9.07776356],[ 14.99725723  14.70201302 -10.90275764]
,,,,,,
42:36.9,860883,55.92866641,19.94416054,[15.12473297 14.7453022  -9.06602287],[14.0290947  13.89962292 -9.07512379],[ 15.00298786  14.69268703 -10.90518856]
,,,,,,
42:36.9,865882,56.13851744,41.97860343,[15.12848568 14.74449062 -9.06605339],[14.04052925 13.89157867 -9.07427311],[ 15.00169754  14.68756771 -10.90950584]
,,,,,,
42:36.9,869884,56.59766437,114.7293664,[15.13184071 14.7461338  -9.06352711],[14.04411316 13.88272762 -9.0868206 ],[ 15.00628376  14.67796612 -10.91186428]
,,,,,,
42:36.9,873882,56.80659054,52.25767288,[15.13771152 14.74261379 -9.06665421],[14.0447216  13.8831749  -9.08652878],[ 15.00462723  14.66615963 -10.92176437]
,,,,,,
42:36.9,877883,56.86158286,13.74464344,[15.14037514 14.74171257 -9.07421684],[14.04287624 13.88757133 -9.08368206],[ 15.00101185  14.65445518 -10.93560982]
,,,,,,
42:36.9,881882,57.07408721,53.13937208,[15.14875603 14.73720264 -9.07367134],[14.0543623  13.88260746 -9.07868195],[ 14.99362946  14.6529808  -10.93907547]
,,,,,,
42:36.9,885883,57.25408486,44.98816507,[15.15510654 14.73540497 -9.07259464],[14.06005764 13.88119698 -9.07502842],[ 14.99572659  14.64206696 -10.94248962]
,,,,,,
42:36.9,890883,57.43924457,37.03194199,[15.1620512  14.73052025 -9.07852268],[14.0682497  13.87876129 -9.071064  ],[ 14.99020004  14.62898731 -10.95413303]
,,,,,,
42:36.9,894884,57.53274949,23.37038663,[15.1642313  14.72931004 -9.0857563 ],[14.07364082 13.8724699  -9.07280159],[ 14.99206161  14.61023235 -10.96289539]
,,,,,,
42:36.9,898882,57.90141616,92.21277419,[15.17054653 14.73065662 -9.08790302],[14.08062744 13.87228107 -9.0685091 ],[ 14.9806385   14.60429478 -10.97640896]
,,,,,,
42:36.9,902882,58.35351521,113.024762,[15.17620277 14.7281065  -9.08849049],[14.09159279 13.85757828 -9.07339954],[ 14.98034859  14.58746052 -10.98536396]
,,,,,,
42:36.9,906884,58.33687784,4.157263976,[15.17629337 14.72872162 -9.09414864],[14.10055733 13.85606289 -9.06826973],[ 14.97474957  14.58136368 -10.98936558]
,,,,,,
42:36.9,910886,58.74656435,102.3704428,[15.18131924 14.72633553 -9.10133934],[14.10563374 13.85001945 -9.07066154],[ 14.96359825  14.56597805 -11.0069952 ]
,,,,,,
42:36.9,915885,59.1477991,80.2630021,[15.18718052 14.72618484 -9.09967995],[14.10834885 13.84557438 -9.07643795],[ 14.96172428  14.55606651 -11.00771618]
,,,,,,
42:36.9,919884,59.12488539,5.72985804,[15.20180798 14.71488285 -9.10317898],[14.11538219 13.84891891 -9.06458569],[ 14.95580006  14.54743385 -11.01267719]
,,,,,,
42:36.9,923883,59.73957072,153.7097602,[15.21142006 14.71005249 -9.11071682],[14.12938309 13.83587742 -9.06746674],[ 14.95029068  14.51878262 -11.03556156]
,,,,,,
42:36.9,927883,60.72237501,245.7010726,[15.21920395 14.70687675 -9.10748196],[14.13964272 13.82280445 -9.0739069 ],[ 14.94065666  14.50028133 -11.05504036]
,,,,,,
42:36.9,931882,60.48738274,58.76275837,[15.22243881 14.70539188 -9.11659813],[14.14063644 13.82463551 -9.07273102],[ 14.93045998  14.50173855 -11.05247688]
,,,,,,
42:36.9,935882,61.05695623,142.393371,[15.22628021 14.70624733 -9.11808968],[14.14674473 13.82657719 -9.06770039],[ 14.91803646  14.48620033 -11.06996155]
,,,,,,
42:36.9,940885,61.4511632,78.79411724,[15.22667027 14.71099663 -9.11812019],[14.15030479 13.82536316 -9.06714916],[ 14.90702438  14.48031235 -11.07762051]
,,,,,,
42:36.9,944882,61.4987769,11.91236132,[15.23812675 14.70231533 -9.12891579],[14.1669426  13.81348705 -9.06591702],[ 14.9075222   14.45857143 -11.086936  ]
,,,,,,
42:36.9,948882,62.06714794,142.0927587,[15.24319077 14.70104027 -9.12690067],[14.16921711 13.80893421 -9.06970119],[ 14.89579678  14.4501524  -11.09234715]
,,,,,,
42:37.0,952882,62.46943319,100.5713113,[15.2523632  14.69628525 -9.13273716],[14.17949963 13.80568981 -9.06682682],[ 14.89355373  14.42487049 -11.10940456]
,,,,,,
42:37.0,956883,62.73255638,65.76435819,[15.25872612 14.69347191 -9.13945293],[14.18071842 13.80292034 -9.06950378],[ 14.88656044  14.40953827 -11.1203928 ]
,,,,,,
42:37.0,960882,63.62485248,223.1298072,[15.26541233 14.69327736 -9.1358614 ],[14.18840694 13.80172443 -9.06868553],[ 14.87038422  14.39566803 -11.13548756]
,,,,,,
42:37.0,965882,64.11020637,97.07077834,[15.26484394 14.69784641 -9.14054871],[14.18806076 13.79647827 -9.0769434 ],[ 14.86414146  14.37666225 -11.14575768]
,,,,,,
42:37.0,969883,64.65355935,135.8042921,[15.27535534 14.69074917 -9.14355755],[14.19782448 13.79364395 -9.06890583],[ 14.84720039  14.35939884 -11.16837692]
,,,,,,
42:37.0,973881,64.92336219,67.48445398,[15.27568245 14.69225216 -9.14559937],[14.20218563 13.79098129 -9.06959534],[ 14.84224319  14.34764194 -11.17159748]
,,,,,,
42:37.0,977882,65.44022176,129.1825964,[15.28772068 14.68298054 -9.15023708],[14.21445274 13.77990627 -9.07048988],[ 14.826437    14.33559418 -11.18827343]
,,,,,,
42:37.0,981884,66.23016083,197.3860749,[15.29192257 14.68094921 -9.15619659],[14.21922588 13.77292061 -9.07736874],[ 14.81044769  14.31352329 -11.21147156]
,,,,,,
42:37.0,985882,66.45140653,55.3390937,[15.2909584  14.68458557 -9.16258717],[14.21877003 13.76923275 -9.08890533],[ 14.81800365  14.29273605 -11.21052933]
,,,,,,
42:37.0,990885,67.14168028,137.9719663,[15.29989529 14.67838383 -9.16475773],[14.2294178  13.76787472 -9.08075619],[ 14.79535389  14.27517414 -11.23361111]
,,,,,,
42:37.0,994882,67.69847943,139.3042672,[15.29999352 14.67955303 -9.17204857],[14.2285738  13.76638508 -9.08372116],[ 14.77504444  14.25936127 -11.25566292]
,,,,,,
42:37.0,998882,67.75028716,12.95193221,[15.3088932 14.6739893 -9.1760931],[14.23134232 13.76519775 -9.08234501],[ 14.77252483  14.24890137 -11.25760555]
,,,,,,
42:37.0,2883,68.19745016,0.448959281,[15.30574799 14.67711258 -9.18161201],[14.23447895 13.76120472 -9.08098507],[ 14.75495052  14.23286915 -11.27834988]
,,,,,,
42:37.0,6883,68.68424524,121.69877,[15.30889034 14.68178082 -9.17944241],[14.24412823 13.75390053 -9.08078289],[ 14.74244595  14.22702312 -11.28201389]
,,,,,,
42:37.0,10883,69.31957614,158.8327261,[15.31060314 14.68462086 -9.1791954 ],[14.24663067 13.75337887 -9.08391094],[ 14.74040794  14.20392513 -11.29384708]
,,,,,,
42:37.0,15883,69.81958297,100.0013668,[15.31659412 14.67829037 -9.19041729],[14.25639439 13.74295044 -9.08725834],[ 14.72793007  14.17574215 -11.31781101]
,,,,,,
42:37.0,19883,70.66683287,211.8124748,[15.3218832  14.67603874 -9.18896484],[14.25754833 13.73512268 -9.10098457],[ 14.719697    14.16208458 -11.32548904]
,,,,,,
42:37.0,23883,71.06831216,100.3698209,[15.32044697 14.68012905 -9.19164658],[14.25924969 13.73882771 -9.09673214],[ 14.69610214  14.15878105 -11.34001827]
,,,,,,
42:37.0,27885,71.7908663,180.5482624,[15.32538414 14.67899513 -9.19431114],[14.25500107 13.73959732 -9.10567379],[ 14.69340611  14.1305294  -11.35295105]
,,,,,,
42:37.0,31882,72.22097895,107.6088689,[15.33130646 14.67841816 -9.19704723],[14.24972439 13.74014473 -9.11078072],[ 14.67513752  14.12778854 -11.362854  ]
,,,,,,
42:37.0,35883,72.26578837,11.19955496,[15.33392525 14.67818451 -9.20163631],[14.25632    13.73765659 -9.1034174 ],[ 14.66671944  14.11464119 -11.37039375]
,,,,,,
42:37.0,40885,72.94855509,136.4987436,[15.3323164  14.68098354 -9.20801735],[14.25976944 13.73442745 -9.10609055],[ 14.65110779  14.0883255  -11.39571285]
,,,,,,
42:37.0,44882,73.54590484,149.4495263,[15.33134842 14.684618   -9.21181965],[14.2594614  13.73332119 -9.11495018],[ 14.63648891  14.07877254 -11.40472221]
,,,,,,
42:37.0,48883,74.11318649,141.7849644,[15.3369112  14.68296719 -9.21649647],[14.26569843 13.72781849 -9.11371899],[ 14.62639236  14.04903793 -11.42754078]
,,,,,,
42:37.1,52883,74.09295851,5.056993404,[15.34435844 14.67896461 -9.22168827],[14.26796246 13.72700882 -9.11356258],[ 14.61889553  14.04658604 -11.4247818 ]
,,,,,,
42:37.1,56883,75.00607582,228.2793271,[15.35043144 14.67978382 -9.21464634],[14.27218914 13.72123146 -9.11816406],[ 14.60816002  14.03168488 -11.43479252]
,,,,,,
42:37.1,60883,75.32973641,80.91514718,[15.34975624 14.68273067 -9.21869183],[14.27296829 13.72089672 -9.11608124],[ 14.59185982  14.01894951 -11.44668961]
,,,,,,
42:37.1,65883,76.11634224,157.3211659,[15.3498621  14.68638515 -9.22085667],[14.27571106 13.71811962 -9.12006569],[ 14.57587051  13.9975605  -11.47029686]
,,,,,,
42:37.1,69883,76.50146164,96.27985027,[15.34361362 14.69468212 -9.22827148],[14.2763052  13.71427059 -9.12439728],[ 14.55440235  13.98817921 -11.4810257 ]
,,,,,,
42:37.1,73883,76.75181791,62.58906721,[15.35060501 14.69002247 -9.23306084],[14.28222179 13.70879745 -9.12539768],[ 14.54863739  13.97189903 -11.48692989]
,,,,,,
42:37.1,77882,77.27787238,131.5465053,[15.34532166 14.69767094 -9.24004173],[14.28581715 13.70094681 -9.13215828],[ 14.5297308   13.95723724 -11.50128651]
,,,,,,
42:37.1,81883,77.72873829,112.6883034,[15.3472414  14.69863033 -9.24246597],[14.29213524 13.69803429 -9.12674618],[ 14.51198292  13.93767452 -11.51938534]
,,,,,,
42:37.1,85882,78.32588986,149.3252237,[15.3484745  14.69960976 -9.2450428 ],[14.28973579 13.69425201 -9.14000511],[ 14.50431252  13.92684269 -11.51929665]
,,,,,,
42:37.1,90883,78.79518726,93.84071234,[15.34776211 14.70183468 -9.25419331],[14.28303814 13.70267868 -9.13908291],[ 14.48518753  13.90017509 -11.54537392]
,,,,,,
42:37.1,94883,79.43875457,160.8918277,[15.35168552 14.70315742 -9.25427914],[14.28699493 13.69542313 -9.14624691],[ 14.47299957  13.88841248 -11.55352306]
,,,,,,
42:37.1,98886,79.75396957,78.74469135,[15.35834503 14.69888306 -9.25916767],[14.29413033 13.69194031 -9.14207458],[ 14.45767117  13.8702364  -11.56988239]
,,,,,,
42:37.1,102882,80.35367189,150.0756557,[15.35818481 14.70312691 -9.25697803],[14.29060459 13.69438457 -9.14342022],[ 14.44175148  13.85827351 -11.57540512]
,,,,,,
42:37.1,106882,81.07378757,180.0289192,[15.35806179 14.70902443 -9.25696182],[14.29242039 13.69006729 -9.14766598],[ 14.43384361  13.83158779 -11.58748245]
,,,,,,
42:37.1,110884,81.42816939,88.55118015,[15.36059093 14.70918941 -9.26064301],[14.29549408 13.69192314 -9.14267635],[ 14.42060471  13.80944347 -11.60191059]
,,,,,,
42:37.1,115884,81.84246955,82.86003138,[15.36236477 14.71025944 -9.26088333],[14.29959583 13.68812084 -9.14476776],[ 14.40801048  13.80207539 -11.60466194]
,,,,,,
42:37.1,119885,82.57766394,183.7526617,[15.36287212 14.71505642 -9.25744438],[14.29938889 13.68805695 -9.14548779],[ 14.38921356  13.78706646 -11.61505127]
,,,,,,
42:37.1,123882,82.92911416,87.92850037,[15.36231136 14.71821022 -9.26285362],[14.30211353 13.68591976 -9.14428043],[ 14.37766743  13.76304817 -11.62689495]
,,,,,,
42:37.1,127882,83.5764456,161.8328596,[15.36819649 14.71556187 -9.26382351],[14.30350494 13.6838541  -9.14560127],[ 14.36275578  13.73950195 -11.64253521]
,,,,,,
42:37.1,131882,84.3775688,200.2808001,[15.37273216 14.7151165  -9.26552582],[14.31362629 13.66625786 -9.15902805],[ 14.34720993  13.727314   -11.65128326]
,,,,,,
42:37.1,135882,84.49262143,28.76315704,[15.38010883 14.70928001 -9.27316761],[14.31323624 13.66583061 -9.15938377],[ 14.33403206  13.71603775 -11.65442848]
,,,,,,
42:37.1,140882,84.85102304,71.68032154,[15.37762737 14.71520042 -9.27727985],[14.31183434 13.66430473 -9.16429424],[ 14.31892681  13.70861816 -11.65334606]
,,,,,,
42:37.1,144882,85.48761196,159.1472317,[15.3803978  14.71818161 -9.27647018],[14.31612301 13.66000938 -9.16341114],[ 14.30249596  13.68637657 -11.66352844]
,,,,,,
42:37.1,148883,85.88244153,98.68272046,[15.37993526 14.71936035 -9.28495026],[14.3150835  13.65929508 -9.16496086],[ 14.2837925   13.66285801 -11.67931175]
,,,,,,
42:37.2,152882,86.23836771,89.00379554,[15.38277721 14.7197628  -9.28906441],[14.31667423 13.65270424 -9.16976833],[ 14.27221966  13.64999771 -11.68212318]
,,,,,,
42:37.2,156882,86.49241674,63.51225744,[15.38302612 14.72217369 -9.29510307],[14.32058144 13.65407467 -9.16592884],[ 14.25688457  13.63083363 -11.69096565]
,,,,,,
42:37.2,160883,87.20794307,178.8368742,[15.38904381 14.72406673 -9.29176426],[14.31808472 13.65338612 -9.17111015],[ 14.24550915  13.61626148 -11.69121265]
,,,,,,
42:37.2,165882,87.90147431,138.7339953,[15.39334297 14.72456741 -9.29004192],[14.32911587 13.64605045 -9.16633892],[ 14.2237978   13.58991623 -11.70589828]
,,,,,,
42:37.2,169884,88.70808489,201.551868,[15.39671516 14.7280426  -9.28728008],[14.3304882  13.63959122 -9.17072105],[ 14.20484257  13.57071209 -11.71716213]
,,,,,,
42:37.2,173883,89.30361789,148.9204813,[15.39769936 14.72961235 -9.2906847 ],[14.32574272 13.64038181 -9.17523289],[ 14.18652534  13.55073357 -11.72605038]
,,,,,,
42:37.2,177884,89.77026711,116.6331463,[15.39962769 14.7327528  -9.29118538],[14.32264519 13.64162827 -9.17673206],[ 14.16396809  13.54515839 -11.7272644 ]
,,,,,,
42:37.2,181882,90.23958922,117.389222,[15.40493011 14.73315239 -9.29128838],[14.32324028 13.63850021 -9.17595291],[ 14.1519928   13.52286053 -11.73586273]
,,,,,,
42:37.2,185882,90.87294894,158.3399293,[15.40952778 14.73263741 -9.29194164],[14.32448959 13.63504219 -9.18038654],[ 14.14260197  13.49976444 -11.73791122]
,,,,,,
42:37.2,190883,91.65797688,156.974193,[15.40717316 14.73850441 -9.29308319],[14.32334805 13.63609028 -9.18296909],[ 14.11650753  13.47739124 -11.75491047]
,,,,,,
42:37.2,194883,92.15088478,123.2269753,[15.41201878 14.7380991  -9.29556656],[14.32195187 13.6349659  -9.18373013],[ 14.09882927  13.45706081 -11.7605238 ]
,,,,,,
42:37.2,198884,92.77108128,155.0103737,[15.41632366 14.7367897  -9.30092049],[14.32693005 13.6233778  -9.18956184],[ 14.07970333  13.43041039 -11.77304173]
,,,,,,
42:37.2,202883,93.16698367,99.00034658,[15.42249298 14.73178768 -9.30880928],[14.32416058 13.62081146 -9.19411755],[ 14.06529522  13.40687943 -11.77876472]
,,,,,,
42:37.2,206882,93.7997825,158.2392677,[15.41784191 14.74120235 -9.30630207],[14.32384777 13.61526012 -9.20048523],[ 14.05475903  13.39497757 -11.77064514]
,,,,,,
42:37.2,211882,94.66087122,172.217744,[15.42465687 14.74055004 -9.30554867],[14.32379055 13.61042976 -9.20283318],[ 14.02608204  13.3676815  -11.79135704]
,,,,,,
42:37.2,215883,94.83093521,42.50537108,[15.42666626 14.74079323 -9.3099556 ],[14.32971001 13.60861301 -9.19562149],[ 14.00867462  13.34754276 -11.79574966]
,,,,,,
42:37.2,219882,95.80048853,242.4489416,[15.42973995 14.73992157 -9.31316853],[14.32640839 13.60256958 -9.20556641],[ 13.98797798  13.31151581 -11.81016541]
,,,,,,
42:37.2,223882,96.53159982,182.7778232,[15.43086624 14.74431896 -9.30846596],[14.32862568 13.59604168 -9.20748234],[ 13.9740591   13.2886467  -11.81435204]
,,,,,,
42:37.2,227883,96.90740628,93.92813195,[15.4289732  14.74913883 -9.3105526 ],[14.32756519 13.59170341 -9.20865154],[ 13.95425034  13.27647209 -11.81454659]
,,,,,,
42:37.2,231882,97.49373379,146.618532,[15.4261713  14.75620556 -9.30688381],[14.33559895 13.58367538 -9.20677853],[ 13.93501472  13.25983047 -11.8123312 ]
,,,,,,
42:37.2,235884,98.30833091,203.547508,[15.43082333 14.7555666  -9.30561924],[14.33979607 13.57420826 -9.20884037],[ 13.91990376  13.22051334 -11.82649708]
,,,,,,
42:37.2,240885,98.54587871,47.50005859,[15.43365288 14.75540257 -9.30759811],[14.32927608 13.58452988 -9.20333385],[ 13.90061474  13.20641422 -11.82399845]
,,,,,,
42:37.2,244882,99.13508923,147.4131902,[15.43609524 14.75555897 -9.30817509],[14.32360172 13.58365345 -9.20790005],[ 13.88323402  13.19020557 -11.82206535]
,,,,,,
42:37.2,248883,99.9838404,212.1347599,[15.43780422 14.75715542 -9.30612564],[14.32172585 13.5773716  -9.21307468],[ 13.86676979  13.15939045 -11.82745552]
,,,,,,
42:37.3,252883,100.4507699,116.7323773,[15.4411211  14.75449371 -9.31118107],[14.32542515 13.56613541 -9.21661854],[ 13.85707378  13.1265173  -11.8320837 ]
,,,,,,
42:37.3,256883,101.1628036,178.0084108,[15.44360542 14.75490093 -9.31241798],[14.32817554 13.55513096 -9.22176361],[ 13.82367134  13.10903454 -11.84474754]
,,,,,,
42:37.3,260882,101.8606768,174.511942,[15.44592476 14.75605679 -9.31152534],[14.32349873 13.55440235 -9.22388458],[ 13.81217384  13.07585335 -11.84751415]
,,,,,,
42:37.3,265885,102.4373298,115.2614483,[15.44619751 14.75796509 -9.31257629],[14.32530689 13.54507256 -9.22706795],[ 13.79474926  13.0532589  -11.84498501]
,,,,,,
42:37.3,269883,102.8193342,95.54886347,[15.44582653 14.75982094 -9.31373787],[14.32359219 13.54465485 -9.22324467],[ 13.7809763   13.02704906 -11.84135532]
,,,,,,
42:37.3,273883,103.1543484,83.75355517,[15.44823647 14.75766754 -9.31773186],[14.32643032 13.53553867 -9.22507   ],[ 13.7689991   13.0087328  -11.83218479]
,,,,,,
42:37.3,277882,103.9207478,191.6477543,[15.45480824 14.75484085 -9.31564903],[14.32694817 13.52905846 -9.224617  ],[ 13.73910332  12.97859669 -11.84292603]
,,,,,,
42:37.3,281882,104.7660577,211.3274751,[15.45838165 14.75411606 -9.31285572],[14.31838989 13.52289295 -9.23448467],[ 13.72170067  12.9617691  -11.83502007]
,,,,,,
42:37.3,285882,105.7653918,249.8335249,[15.46373558 14.75242233 -9.30768871],[14.31706524 13.51185226 -9.24037361],[ 13.6942749   12.9309206  -11.84639359]
,,,,,,
42:37.3,290882,106.2439447,95.71059185,[15.46328926 14.75278473 -9.31186485],[14.31736183 13.50145626 -9.24391937],[ 13.67461967  12.90576077 -11.84777737]
,,,,,,
42:37.3,294882,106.5293177,71.34323725,[15.46392918 14.75343323 -9.31084633],[14.3174181  13.50485706 -9.23107529],[ 13.64131641  12.88035965 -11.86071205]
,,,,,,
42:37.3,298882,106.8500456,80.18196823,[15.46522236 14.75288391 -9.31210709],[14.30829811 13.50840282 -9.22703934],[ 13.63146973  12.85340881 -11.85117722]
,,,,,,
42:37.3,302883,107.8371818,246.7223691,[15.47122383 14.74840927 -9.31175041],[14.30475616 13.49870396 -9.23937321],[ 13.62174034  12.82018089 -11.84535122]
,,,,,,
42:37.3,306882,108.5054492,167.1086403,[15.46932697 14.74945545 -9.31374454],[14.30015945 13.49259949 -9.24385262],[ 13.60173702  12.7860117  -11.85285091]
,,,,,,
42:37.3,310882,108.9326009,106.7879222,[15.47420406 14.747612   -9.30915928],[14.30144215 13.49050903 -9.23431396],[ 13.57374477  12.76329994 -11.85419178]
,,,,,,
42:37.3,315882,109.5468829,122.8563945,[15.47783947 14.74445534 -9.31005001],[14.30255508 13.48266888 -9.23688889],[ 13.56613255  12.7287569  -11.84763622]
,,,,,,
42:37.3,319883,110.2525428,176.3708801,[15.48135948 14.73972225 -9.31103516],[14.30238914 13.47356224 -9.23878384],[ 13.52558231  12.69682789 -11.87017727]
,,,,,,
42:37.3,323886,110.7873371,133.5983754,[15.48311424 14.73680973 -9.31440926],[14.2948904  13.47008801 -9.24512959],[ 13.52353954  12.66911316 -11.85549736]
,,,,,,
42:37.3,327884,111.3214103,133.5851103,[15.48268414 14.73791599 -9.31201553],[14.2977438  13.45872688 -9.24394703],[ 13.50637245  12.64399815 -11.84817886]
,,,,,,
42:37.3,331882,111.7977815,119.1523747,[15.4790144  14.73908806 -9.3178339 ],[14.29870987 13.44561195 -9.25000954],[ 13.4775877   12.62839794 -11.84651279]
,,,,,,
42:37.3,335883,112.5183818,180.1050301,[15.47971439 14.74091721 -9.31309605],[14.2991333  13.43797684 -9.25015354],[ 13.47467899  12.584589   -11.84406757]
,,,,,,
42:37.3,340884,112.8848212,73.27322505,[15.47935963 14.74498749 -9.30947399],[14.30806923 13.42113972 -9.24368668],[ 13.44016457  12.56214237 -11.85358047]
,,,,,,
42:37.3,344882,113.4358972,137.8379267,[15.4810648  14.74438381 -9.3092308 ],[14.29930592 13.42281914 -9.24348259],[ 13.43066311  12.53109741 -11.84355831]
,,,,,,
42:37.3,348882,114.1715009,183.9009391,[15.48165703 14.74216843 -9.31186962],[14.29089451 13.41980553 -9.25134182],[ 13.40681744  12.50144196 -11.84941483]
,,,,,,
42:37.4,352882,114.8599705,172.11738,[15.4857893  14.73855591 -9.30957508],[14.28547668 13.41726494 -9.25439644],[ 13.39916325  12.47109509 -11.83954525]
,,,,,,
42:37.4,356882,115.3044947,111.131052,[15.48708534 14.73754692 -9.31001091],[14.28521633 13.4098835  -9.25290394],[ 13.37096024  12.44906044 -11.84026241]
,,,,,,
42:37.4,360883,116.1288084,206.0269359,[15.49012184 14.73631573 -9.30583668],[14.28645515 13.39805222 -9.25819588],[ 13.36121082  12.41201305 -11.83899021]
,,,,,,
42:37.4,365882,116.4046402,55.17738666,[15.49434948 14.73084927 -9.31050014],[14.28667831 13.39168262 -9.25719357],[ 13.33965588  12.39341068 -11.83342075]
,,,,,,
42:37.4,369883,116.9209791,129.0524669,[15.49556637 14.7284708  -9.30897331],[14.28669739 13.38383865 -9.25712776],[ 13.32956505  12.36928463 -11.81829453]
,,,,,,
42:37.4,373882,117.429346,127.1234937,[15.49902725 14.72534847 -9.30776882],[14.28852558 13.37473869 -9.25657082],[ 13.31508636  12.3375864  -11.8169241 ]
,,,,,,
42:37.4,377883,117.8735534,111.0240998,[15.50277615 14.72259521 -9.31021786],[14.28294277 13.36935043 -9.25827503],[ 13.30016041  12.30470753 -11.81828022]
,,,,,,
42:37.4,381882,118.7462635,218.2320876,[15.50383568 14.72038555 -9.30897713],[14.27700329 13.35990047 -9.26775837],[ 13.27921677  12.27619076 -11.81543541]
,,,,,,
42:37.4,385882,118.9918175,61.38848623,[15.50119019 14.72088337 -9.31322479],[14.28224945 13.35203934 -9.26330662],[ 13.26351452  12.24375534 -11.8132019 ]
,,,,,,
42:37.4,390883,119.045669,10.76815464,[15.50387573 14.71545219 -9.32030296],[14.28572941 13.34334564 -9.25702   ],[ 13.23746586  12.21952629 -11.81156826]
,,,,,,
42:37.4,394882,120.0718459,256.6083797,[15.50432968 14.71459675 -9.31919384],[14.27562141 13.3401556  -9.26961613],[ 13.21975136  12.18723583 -11.80934906]
,,,,,,
42:37.4,398883,120.6880133,154.0033483,[15.50467014 14.71590424 -9.31571102],[14.27319908 13.33135319 -9.27206421],[ 13.20099068  12.17168617 -11.79530144]
,,,,,,
42:37.4,402883,121.1809352,123.2304744,[15.50479126 14.71593189 -9.31371689],[14.27046585 13.32940102 -9.26921177],[ 13.18644142  12.14390659 -11.78517056]
,,,,,,
42:37.4,406883,121.7304456,137.3775938,[15.50663662 14.71309185 -9.31492996],[14.26636124 13.32202816 -9.27365303],[ 13.16566086  12.11702824 -11.78659916]
,,,,,,
42:37.4,410883,122.5175205,196.7687298,[15.50583172 14.71365738 -9.31047916],[14.25930119 13.31575871 -9.27808571],[ 13.15035439  12.08739567 -11.77748108]
,,,,,,
42:37.4,415882,122.8940206,75.31508208,[15.50654507 14.7135067  -9.30884933],[14.25259399 13.31641674 -9.27448177],[ 13.12532997  12.06661034 -11.77511215]
,,,,,,
42:37.4,419883,123.3442428,112.5274328,[15.50791073 14.71278286 -9.30841446],[14.25650406 13.30323601 -9.2740097 ],[ 13.11946106  12.04004669 -11.75700951]
,,,,,,
42:37.4,423884,123.6266314,70.5794963,[15.50794792 14.71076584 -9.31409264],[14.25322723 13.30091286 -9.27270317],[ 13.08856964  12.00639057 -11.77036667]
,,,,,,
42:37.4,427883,124.0246778,99.53647422,[15.51098728 14.70690441 -9.3145895 ],[14.24775982 13.29787159 -9.27234936],[ 13.07477856  11.98682022 -11.75662708]
,,,,,,
42:37.4,431882,124.7393348,178.7089452,[15.50914001 14.7073431  -9.31492043],[14.24526119 13.28638744 -9.28043079],[ 13.05318832  11.96167374 -11.75329018]
,,,,,,
42:37.4,435882,125.210049,117.678528,[15.50922489 14.7062788  -9.31609154],[14.23887634 13.28270054 -9.28090191],[ 13.03803062  11.92740822 -11.74893665]
,,,,,,
42:37.4,440883,125.485374,55.05399532,[15.50722218 14.7047205  -9.32071781],[14.23630428 13.27854061 -9.28053379],[ 13.01564598  11.9037447  -11.74791908]
,,,,,,
42:37.4,444883,125.8800389,98.66622134,[15.50440025 14.70663643 -9.32064247],[14.2300415  13.27100563 -9.28072357],[ 12.9986515   11.89057922 -11.72918129]
,,,,,,
42:37.4,448882,126.4124297,133.1310013,[15.50408554 14.70651817 -9.32147026],[14.22207451 13.26955414 -9.28481483],[ 12.98480892  11.86221695 -11.72654438]
,,,,,,
42:37.5,452882,126.7340329,80.40080027,[15.50393581 14.7048893  -9.32468319],[14.2149992  13.26803398 -9.28373051],[ 12.97100067  11.83979321 -11.71199989]
,,,,,,
42:37.5,456882,127.1622715,107.0596288,[15.50535774 14.698699   -9.3283596 ],[14.22100639 13.25507927 -9.2856245 ],[ 12.95343399  11.81257629 -11.70582771]
,,,,,,
42:37.5,461883,127.7180956,111.1426008,[15.50637913 14.6958847  -9.32968903],[14.2084446  13.25751591 -9.28995228],[ 12.94110966  11.78609657 -11.69620228]
,,,,,,
42:37.5,465882,127.8500809,33.00456464,[15.50252151 14.6940155  -9.33663273],[14.21221256 13.24774361 -9.28811741],[ 12.92219067  11.76751518 -11.68811989]
,,,,,,
42:37.5,469882,128.4504694,150.0971407,[15.49840736 14.6997366  -9.33036423],[14.21019936 13.24411488 -9.28626156],[ 12.90252113  11.74279404 -11.68000698]
,,,,,,
42:37.5,473882,129.0417315,147.8155074,[15.5024271  14.69476604 -9.33110809],[14.20528412 13.23911858 -9.29207325],[ 12.88407993  11.71144199 -11.68263626]
,,,,,,
42:37.5,477883,129.147668,26.47750514,[15.49674034 14.69800758 -9.33834171],[14.20398045 13.23540306 -9.28839684],[ 12.86897278  11.68699932 -11.67227554]
,,,,,,
42:37.5,481883,130.0070624,214.8486036,[15.49939251 14.69689369 -9.32885551],[14.20935345 13.22102356 -9.29209328],[ 12.85427761  11.66204739 -11.66144657]
,,,,,,
42:37.5,485883,130.712402,176.3349053,[15.49807739 14.69817448 -9.32948494],[14.20181847 13.21904087 -9.30011368],[ 12.83810043  11.6390934  -11.65339375]
,,,,,,
42:37.5,490884,131.0134162,60.19081239,[15.49515247 14.70070934 -9.32934093],[14.20420074 13.21276855 -9.29512215],[ 12.83816719  11.61465073 -11.62924194]
,,,,,,
42:37.5,494882,131.3838546,92.65592792,[15.49725723 14.697299   -9.33160973],[14.19914055 13.20983696 -9.29616356],[ 12.80993462  11.58995438 -11.63200378]
,,,,,,
42:37.5,498882,131.6512192,66.84115113,[15.49483395 14.6975317  -9.33470249],[14.1997776  13.20287609 -9.29394817],[ 12.80128479  11.5563221  -11.62406731]
,,,,,,
42:37.5,502882,132.1866482,133.8572323,[15.49320126 14.69713306 -9.33746433],[14.19445419 13.19791603 -9.29929638],[ 12.7782383   11.55262947 -11.6038208 ]
,,,,,,
42:37.5,506885,132.480278,73.3524523,[15.49231529 14.69714546 -9.33877754],[14.1930685  13.19316578 -9.2976799 ],[ 12.75558567  11.53518772 -11.59676552]
,,,,,,
42:37.5,510882,133.1519922,168.0545768,[15.49416542 14.69504261 -9.33847904],[14.18373489 13.18901539 -9.30511093],[ 12.73804665  11.51660728 -11.585536  ]
,,,,,,
42:37.5,515882,133.424615,54.52457138,[15.49453068 14.69471455 -9.33850384],[14.18186951 13.18635654 -9.30178642],[ 12.72265053  11.49421978 -11.57736492]
,,,,,,
42:37.5,519882,133.969521,136.2264868,[15.49295425 14.69575787 -9.34200191],[14.17996883 13.17913342 -9.30611038],[ 12.70512104  11.47126961 -11.56307697]
,,,,,,
42:37.5,523883,134.1380992,42.13402551,[15.49329567 14.69439697 -9.34376717],[14.17848206 13.17799759 -9.30086231],[ 12.69479561  11.44895458 -11.55049419]
,,,,,,
42:37.5,527882,134.2315082,23.35808946,[15.49516964 14.69182205 -9.3484211 ],[14.18019581 13.17443943 -9.29549026],[ 12.68114281  11.42756462 -11.53850746]
,,,,,,
42:37.5,531882,134.7451712,128.4157528,[15.49502468 14.6926527  -9.34751797],[14.1746769  13.17437458 -9.29688549],[ 12.65966797  11.40905285 -11.52865696]
,,,,,,
42:37.5,535882,135.1229639,94.44816559,[15.48947239 14.69703197 -9.34928894],[14.17527771 13.16897869 -9.29717255],[ 12.6406908   11.38769817 -11.5202179 ]
,,,,,,
42:37.5,540884,135.6090632,97.18098599,[15.4933548  14.69311523 -9.34872913],[14.17117023 13.16621304 -9.29895115],[ 12.63451004  11.35468006 -11.51228142]
,,,,,,
42:37.5,544882,136.1768919,142.0281971,[15.48913193 14.69698715 -9.34728432],[14.16696835 13.16198254 -9.30259609],[ 12.62216759  11.33381462 -11.5001545 ]
,,,,,,
42:37.5,548882,136.6356425,114.6876352,[15.48788929 14.69665146 -9.35150528],[14.16063595 13.15814972 -9.30775547],[ 12.60099316  11.32748032 -11.48306942]
,,,,,,
42:37.6,552882,136.9158263,70.04595001,[15.48874664 14.6947155  -9.35456467],[14.15763187 13.15703869 -9.30747223],[ 12.57867146  11.30592918 -11.47951317]
,,,,,,
42:37.6,556882,137.257143,85.3291795,[15.49063587 14.69290447 -9.35420418],[14.15223217 13.15907955 -9.30570221],[ 12.56484127  11.29498863 -11.46223259]
,,,,,,
42:37.6,560884,137.7516709,123.5701926,[15.48901463 14.69565678 -9.35233974],[14.15282059 13.15186119 -9.30629444],[ 12.55558014  11.27112675 -11.44771481]
,,,,,,
42:37.6,565883,138.1482414,79.32996218,[15.48784542 14.69621277 -9.35308838],[14.14991951 13.14633751 -9.30742836],[ 12.53804493  11.25321388 -11.43645668]
,,,,,,
42:37.6,569884,138.1972822,12.25714887,[15.48601627 14.69635868 -9.35724258],[14.14837074 13.14650249 -9.30066967],[ 12.52389908  11.23301601 -11.42315197]
,,,,,,
42:37.6,573448,138.5883631,109.7308906,[15.48391914 14.69678402 -9.3601265 ],[14.14234734 13.142313   -9.30472469],[ 12.50474358  11.22307396 -11.41161537]
,,,,,,
42:37.6,577915,139.0736764,108.6441248,[15.4802618  14.69755077 -9.36525154],[14.13376808 13.14505863 -9.31122494],[ 12.49211788  11.20249462 -11.40145016]
,,,,,,
42:37.6,581913,139.4117108,84.55086462,[15.47242641 14.70481873 -9.36475658],[14.13416958 13.14190483 -9.30995369],[ 12.48429108  11.17268085 -11.39467621]
,,,,,,
42:37.6,585913,139.9140034,125.5731581,[15.47393608 14.70229053 -9.36922741],[14.13182735 13.13734531 -9.31591606],[ 12.46967506  11.16379166 -11.37584209]
,,,,,,
42:37.6,590914,140.1971115,56.61029318,[15.47307301 14.70168972 -9.37210274],[14.13161564 13.1303587  -9.31838894],[ 12.44851208  11.1476202  -11.3733511 ]
,,,,,,
42:37.6,594912,140.4009229,50.97834661,[15.47594643 14.69903851 -9.37047482],[14.12858868 13.13370132 -9.3116169 ],[ 12.43224049  11.13633633 -11.35641766]
,,,,,,
42:37.6,598913,140.8934895,123.1108604,[15.47608662 14.69826603 -9.37372875],[14.12648773 13.129673   -9.31818104],[ 12.420187    11.1136179  -11.34971714]
,,,,,,
42:37.6,602915,141.096566,50.74375262,[15.47101784 14.7021513  -9.37928677],[14.1179285  13.13324165 -9.32017708],[ 12.39409065  11.10664749 -11.34461403]
,,,,,,
42:37.6,606913,141.2312166,33.67950457,[15.47005081 14.70114231 -9.38590431],[14.12311745 13.12726021 -9.31768608],[ 12.38712788  11.09249687 -11.32462215]
,,,,,,
42:37.6,610913,141.7290767,124.4650204,[15.46575928 14.7048769  -9.38760567],[14.11987591 13.12517071 -9.32106209],[ 12.38356113  11.07479095 -11.3044014 ]
,,,,,,
42:37.6,615915,141.9728978,48.74472911,[15.45931339 14.71171379 -9.38997555],[14.11738873 13.12589931 -9.32152843],[ 12.36491585  11.05959511 -11.30014038]
,,,,,,
42:37.6,619914,142.3187122,86.47521472,[15.46325207 14.70514774 -9.39625454],[14.11299801 13.1249733  -9.32662201],[ 12.34856224  11.04548359 -11.29078197]
,,,,,,
42:37.6,623914,142.7348932,104.0452399,[15.45841503 14.71189976 -9.39320374],[14.10917759 13.12493229 -9.32661152],[ 12.33449364  11.03058624 -11.27992725]
,,,,,,
42:37.6,627913,143.0738492,84.76019065,[15.45773411 14.71340752 -9.39320946],[14.10767937 13.12438679 -9.32567215],[ 12.31924057  11.02387905 -11.26245594]
,,,,,,
42:37.6,631916,143.4356074,90.37176404,[15.45943642 14.7116375  -9.39374161],[14.10900307 13.12160683 -9.32640076],[ 12.30657673  11.00534153 -11.2523365 ]
,,,,,,
42:37.6,635912,143.8503176,103.7813471,[15.45845795 14.71317101 -9.39384651],[14.10816383 13.11742783 -9.32844448],[ 12.29629326  10.99076939 -11.23836327]
,,,,,,
42:37.6,640915,144.1046454,50.83505737,[15.44813347 14.71915913 -9.40363121],[14.09935284 13.12071228 -9.33315659],[ 12.28310585  10.97569084 -11.22650337]
,,,,,,
42:37.6,644915,144.4914367,96.69781652,[15.44430256 14.72297382 -9.40541172],[14.09295654 13.12322521 -9.33584118],[ 12.26794147  10.96392441 -11.21466351]
,,,,,,
42:37.6,648913,144.5539728,15.64186137,[15.43785858 14.72495937 -9.41590691],[14.09010601 13.12460804 -9.3358736 ],[ 12.25626373  10.9523735  -11.20008278]
,,,,,,
42:37.7,652913,145.1169029,140.7325128,[15.43039989 14.7362833  -9.41306877],[14.08247185 13.12715244 -9.3387394 ],[ 12.2432003   10.944911   -11.18185139]
,,,,,,
42:37.7,656914,145.581034,116.0037696,[15.43128204 14.73530579 -9.41858387],[14.07925987 13.12472248 -9.34807301],[ 12.22806072  10.92757988 -11.17828655]
,,,,,,
42:37.7,660914,145.945851,91.20425521,[15.4373312  14.72976875 -9.41663361],[14.07895947 13.12177277 -9.34771156],[ 12.2133255   10.92337799 -11.16192913]
,,,,,,
42:37.7,665913,146.2706548,64.97375745,[15.43089199 14.733428   -9.41834164],[14.07415009 13.12317562 -9.34848881],[ 12.20491123  10.91317081 -11.14519787]
,,,,,,
42:37.7,669914,146.3610536,22.59403933,[15.43005276 14.73363972 -9.42296505],[14.07311916 13.12162209 -9.34766769],[ 12.19103909  10.89999771 -11.13837433]
,,,,,,
42:37.7,673913,146.5288715,41.96498599,[15.42321014 14.73977089 -9.42641926],[14.0665493  13.12748909 -9.34675598],[ 12.17785072  10.8889513  -11.12794685]
,,,,,,
42:37.7,677914,146.558369,7.37252634,[15.41819096 14.74335194 -9.43027878],[14.06357288 13.12906361 -9.3443327 ],[ 12.15952396  10.88039589 -11.12215137]
,,,,,,
42:37.7,681914,146.9576398,99.81770211,[15.41406727 14.74767208 -9.43147087],[14.06303406 13.12688828 -9.3471241 ],[ 12.14661026  10.87582302 -11.10584927]
,,,,,,
42:37.7,685913,146.9365576,5.27188438,[15.41060925 14.74794769 -9.44244003],[14.05495167 13.13174152 -9.34711361],[ 12.13425827  10.86608887 -11.09495163]
,,,,,,
42:37.7,690913,147.2111717,54.92282225,[15.40678978 14.7479248  -9.44683075],[14.05485725 13.12857819 -9.35088921],[ 12.11958122  10.85385323 -11.08778286]
,,,,,,
42:37.7,694913,147.6534935,110.5804612,[15.40557194 14.75067329 -9.44452286],[14.05259323 13.12839603 -9.35234451],[ 12.10773754  10.84947491 -11.07107735]
,,,,,,
42:37.7,698914,147.8891442,58.89793345,[15.4004631  14.75266838 -9.45192814],[14.04886532 13.1291647  -9.35558414],[ 12.09793854  10.83705807 -11.05812263]
,,,,,,
42:37.7,702913,148.2701798,95.28273415,[15.39566898 14.75788975 -9.45106983],[14.04366302 13.12835884 -9.3580265 ],[ 12.08643055  10.83165932 -11.04485321]
,,,,,,
42:37.7,706916,148.6333631,90.72776682,[15.38862133 14.7655983  -9.44766998],[14.03603649 13.13540459 -9.35687542],[ 12.07200527  10.82135868 -11.03281021]
,,,,,,
42:37.7,710914,148.9605552,81.83895888,[15.38690186 14.76801872 -9.44570637],[14.03966999 13.12952137 -9.3562355 ],[ 12.06057835  10.81413746 -11.01738644]
,,,,,,
42:37.7,715914,149.1372292,35.33478791,[15.38129997 14.76984119 -9.4517355 ],[14.03849411 13.12712955 -9.35816956],[ 12.04834175  10.80468178 -11.00577831]
,,,,,,
42:37.7,719914,149.3322257,48.7491269,[15.37723541 14.77138233 -9.4585371 ],[14.03418159 13.13010693 -9.35947323],[ 12.03450298  10.79730415 -10.99094772]
,,,,,,
42:37.7,723914,149.9539102,155.4211337,[15.36886883 14.77816582 -9.4587841 ],[14.02563286 13.13066006 -9.36726093],[ 12.01956749  10.7983551  -10.97181797]
,,,,,,
42:37.7,727914,150.1909337,59.25586388,[15.3732233  14.7740736  -9.45921612],[14.02013588 13.13229465 -9.36762619],[ 12.01082325  10.77689552 -10.9675951 ]
,,,,,,
42:37.7,731913,150.2778358,21.73097097,[15.36817741 14.77331257 -9.46650124],[14.01679993 13.13196087 -9.36831284],[ 11.99594307  10.7676506  -10.95721817]
,,,,,,
42:37.7,735913,150.3666713,22.20886112,[15.36365795 14.77511501 -9.46927261],[14.00716209 13.14066982 -9.36446571],[ 11.98315048  10.76161385 -10.94233322]
,,,,,,
42:37.7,740915,150.5290852,32.4698041,[15.35382938 14.78314686 -9.46760273],[14.00253105 13.14455891 -9.35830402],[ 11.97197056  10.76121044 -10.92018509]
,,,,,,
42:37.7,744915,150.8848893,88.95101363,[15.35149765 14.78284168 -9.47299862],[13.9970417  13.14247608 -9.36614037],[ 11.95767021  10.74627399 -10.91632938]
,,,,,,
42:37.7,748915,151.2846569,99.94190413,[15.34415054 14.78752327 -9.47230816],[13.99076271 13.14589882 -9.36879349],[ 11.94487381  10.73754025 -10.90446949]
,,,,,,
42:37.8,752913,151.5757767,72.81636867,[15.3388586  14.78768635 -9.4805212 ],[13.98399925 13.14495659 -9.37565708],[ 11.93183136  10.73060513 -10.89335155]
,,,,,,
42:37.8,756915,151.6662639,22.61048022,[15.32838345 14.79581261 -9.47831059],[13.98570919 13.14286327 -9.36927986],[ 11.92125893  10.72703934 -10.87607956]
,,,,,,
42:37.8,760913,152.0344304,92.08768105,[15.32856655 14.7929163  -9.48256397],[13.9800415  13.14352608 -9.37494278],[ 11.91044617  10.71940231 -10.86455631]
,,,,,,
42:37.8,765914,152.267952,46.69497819,[15.3268652  14.79147434 -9.48544121],[13.97521019 13.1426239  -9.3771286 ],[ 11.89861488  10.71000481 -10.85511589]
,,,,,,
42:37.8,769913,152.445306,44.34958151,[15.31764984 14.79685402 -9.48986721],[13.96922779 13.14557266 -9.37963295],[ 11.88592148  10.70029354 -10.8483696 ]
,,,,,,
42:37.8,773914,152.891496,111.5196367,[15.31357956 14.80153465 -9.48801422],[13.95487785 13.15474319 -9.38217163],[ 11.87517738  10.6967926  -10.83333397]
,,,,,,
42:37.8,777914,153.1551569,65.91520239,[15.31328869 14.80355263 -9.48588371],[13.95774174 13.14923573 -9.38197327],[ 11.86396313  10.69013786 -10.82282257]
,,,,,,
42:37.8,781915,153.1376913,4.365297187,[15.30415535 14.80869198 -9.48967266],[13.95145607 13.15555954 -9.37744236],[ 11.85489368  10.68324661 -10.80964184]
,,,,,,
42:37.8,785914,153.8047381,166.8034019,[15.29962635 14.81274033 -9.48703766],[13.94994736 13.15105534 -9.38673019],[ 11.84120655  10.67997646 -10.79771709]
,,,,,,
42:37.8,790913,154.2204527,83.15954617,[15.29049301 14.81835079 -9.48807716],[13.94517803 13.1518898  -9.39171124],[ 11.82996178  10.67498589 -10.78485012]
,,,,,,
42:37.8,794913,154.3322898,27.95928273,[15.29859066 14.80782223 -9.49476528],[13.94269371 13.1521225  -9.38998318],[ 11.83420753  10.65456009 -10.76738644]
,,,,,,
42:37.8,798913,154.2213569,27.73322589,[15.29165649 14.80944157 -9.50366879],[13.94408417 13.14920902 -9.38771915],[ 11.82374763  10.65534973 -10.75320339]
,,,,,,
42:37.8,802916,154.5559183,83.57766263,[15.29241562 14.80863571 -9.49924946],[13.94561195 13.14319134 -9.38975239],[ 11.80481529  10.65425205 -10.74697208]
,,,,,,
42:37.8,806913,154.5702067,3.574794456,[15.28907013 14.80647182 -9.50869656],[13.94390678 13.14070034 -9.39284134],[ 11.79550838  10.64366341 -10.74198914]
,,,,,,
42:37.8,810915,154.7932205,55.72558051,[15.28673267 14.80507565 -9.51101589],[13.94074535 13.1413908  -9.39331532],[ 11.78259087  10.64285564 -10.72682953]
,,,,,,
42:37.8,815917,154.8293598,7.224959922,[15.28220081 14.80641556 -9.51160908],[13.93799496 13.14522457 -9.38644314],[ 11.77920246  10.63553143 -10.70797443]
,,,,,,
42:37.8,819913,155.0450405,53.97416149,[15.27455616 14.80852985 -9.51845932],[13.933218   13.14556599 -9.38888931],[ 11.77494144  10.63036442 -10.68947315]
,,,,,,
42:37.8,823913,155.2386033,48.39069946,[15.27096939 14.80835247 -9.52026367],[13.93011761 13.14506626 -9.3902216 ],[ 11.75965786  10.62533855 -10.6808567 ]
,,,,,,
42:37.8,827913,155.6121345,93.38279738,[15.26753521 14.81168365 -9.51738739],[13.9293766  13.14306641 -9.38966274],[ 11.7574892   10.61878109 -10.66081905]
,,,,,,
42:37.8,831914,155.8369651,56.19360789,[15.26634216 14.81086826 -9.51640129],[13.92553139 13.14387989 -9.38886929],[ 11.74513626  10.61408806 -10.64925194]
,,,,,,
42:37.8,835914,156.2829148,111.4874315,[15.26640415 14.80887413 -9.51574707],[13.91976452 13.14332676 -9.39109802],[ 11.73583984  10.61144447 -10.62919426]
,,,,,,
42:37.8,840916,156.1699241,22.58911029,[15.26702213 14.80354118 -9.51816177],[13.91271019 13.14902687 -9.38337326],[ 11.72064018  10.60996151 -10.61603451]
,,,,,,
42:37.8,844914,156.5844923,103.693891,[15.26547241 14.80288792 -9.51581955],[13.91153717 13.14499283 -9.38525867],[ 11.71717739  10.60013485 -10.60011005]
,,,,,,
42:37.8,848913,156.7885691,51.03196531,[15.26664734 14.79905701 -9.51491165],[13.90860462 13.14300537 -9.38443565],[ 11.70414925  10.59453678 -10.58946419]
,,,,,,
42:37.9,852912,157.0543813,66.46967118,[15.25947571 14.80346584 -9.51285458],[13.90643501 13.14181137 -9.3822422 ],[ 11.69245815  10.59408855 -10.5699749 ]
,,,,,,
42:37.9,856914,157.2247807,42.57856019,[15.25285339 14.80536175 -9.514328  ],[13.90200901 13.13897419 -9.38092232],[ 11.68699265  10.58359051 -10.55464649]
,,,,,,
42:37.9,860914,157.8243033,149.880628,[15.24672985 14.80879021 -9.50921345],[13.89609051 13.13547611 -9.38444328],[ 11.67678928  10.57960415 -10.53427601]
,,,,,,
42:37.9,865913,157.9264866,20.44075561,[15.24395752 14.80548954 -9.50832272],[13.8929863  13.13699055 -9.37861252],[ 11.66499424  10.57812119 -10.51541042]
,,,,,,
42:37.9,869914,158.2700104,85.85949718,[15.23461533 14.80925274 -9.50772667],[13.88579464 13.13552952 -9.38184834],[ 11.65302658  10.56935406 -10.50509071]
,,,,,,
42:37.9,873914,158.4098536,34.96078444,[15.22581768 14.81193066 -9.50968838],[13.87701416 13.13618755 -9.38038635],[ 11.63875961  10.56785774 -10.48974609]
,,,,,,
42:37.9,877914,158.5352635,31.35248082,[15.22464943 14.80383396 -9.51516819],[13.87004757 13.13563347 -9.38043594],[ 11.62540722  10.56284904 -10.47559738]
,,,,,,
42:37.9,881913,158.6668579,32.90681963,[15.21942425 14.80378151 -9.51216793],[13.86303139 13.13818932 -9.37447643],[ 11.61673927  10.55533028 -10.45944691]
,,,,,,
42:37.9,885913,158.8007687,33.47770387,[15.21606827 14.79969501 -9.51372814],[13.86812496 13.12862968 -9.37265968],[ 11.61345863  10.54572105 -10.44221497]
,,,,,,
42:37.9,890917,159.0390961,47.62737902,[15.21422386 14.79847145 -9.51102257],[13.86664295 13.12461281 -9.36865425],[ 11.60523319  10.54325485 -10.42035007]
,,,,,,
42:37.9,894913,159.0468223,1.933485581,[15.20765781 14.79716206 -9.51238155],[13.8669138  13.12272072 -9.36162186],[ 11.60011387  10.5379324  -10.39822865]
,,,,,,
42:37.9,898913,159.4492255,100.6008046,[15.19788647 14.80485535 -9.5035181 ],[13.86091232 13.12260532 -9.36199188],[ 11.58254433  10.53475189 -10.3887949 ]
,,,,,,
42:37.9,902914,159.4309906,4.557598689,[15.19856834 14.79728985 -9.5065527 ],[13.85493469 13.1236515  -9.35600567],[ 11.57481861  10.52544022 -10.37381458]
,,,,,,
42:37.9,906914,159.8630171,108.006629,[15.19639874 14.79293156 -9.50617123],[13.85131836 13.11943436 -9.3592968 ],[ 11.56658745  10.52464199 -10.35471821]
,,,,,,
42:37.9,910914,159.9303978,16.84518038,[15.19034386 14.78955746 -9.51585007],[13.8434124  13.12048912 -9.36090469],[ 11.55570126  10.52096844 -10.34019756]
,,,,,,
42:37.9,915913,160.1675044,47.4308026,[15.18413639 14.79392719 -9.50972843],[13.84066296 13.11701107 -9.35779667],[ 11.54350281  10.51695061 -10.32641315]
,,,,,,
42:37.9,919914,160.0524423,28.75833165,[15.18139076 14.79515076 -9.50454998],[13.83923149 13.1194067  -9.34596252],[ 11.53828716  10.50985909 -10.31352043]
,,,,,,
42:37.9,923917,160.1757461,30.8028458,[15.17892742 14.79130554 -9.50772667],[13.83713818 13.11654091 -9.34244823],[ 11.53903484  10.50427818 -10.29081726]
,,,,,,
42:37.9,927915,160.5527057,94.28704135,[15.17961121 14.78666973 -9.5056982 ],[13.83678913 13.11155033 -9.34490108],[ 11.53005505  10.50237751 -10.27614212]
,,,,,,
42:37.9,931913,160.6961143,35.87009878,[15.17691612 14.78495121 -9.50384331],[13.83539963 13.10772705 -9.34359169],[ 11.52637482  10.49063015 -10.26838398]
,,,,,,
42:37.9,935914,161.0186635,80.61714772,[15.17251968 14.78405857 -9.50362587],[13.83212662 13.10498905 -9.34540558],[ 11.52632046  10.48331738 -10.25324059]
,,,,,,
42:37.9,940917,161.1087581,18.00811193,[15.17234612 14.77743435 -9.50411129],[13.83043671 13.10051918 -9.34339046],[ 11.52312279  10.47336674 -10.24320126]
,,,,,,
42:37.9,944914,161.2877044,44.77015388,[15.17009068 14.77616596 -9.50349236],[13.8259449  13.09983635 -9.34230518],[ 11.51948357  10.46921349 -10.23112583]
,,,,,,
42:37.9,948914,161.5900121,75.57692338,[15.17187786 14.77235413 -9.49605083],[13.82635212 13.09562874 -9.34087181],[ 11.51480007  10.46428871 -10.22105598]
,,,,,,
42:38.0,953421,161.5271528,13.94704087,[15.1704731  14.76874256 -9.49756527],[13.82925606 13.0901165  -9.33639145],[ 11.51025105  10.45906162 -10.2093792 ]
,,,,,,
42:38.0,957430,161.6307644,25.84474113,[15.17209244 14.76248455 -9.49877262],[13.82955933 13.08376598 -9.33700752],[ 11.50220871  10.45754623 -10.20146656]
,,,,,,
42:38.0,961430,161.5740797,14.1711718,[15.16791534 14.76220417 -9.49886131],[13.83196926 13.08077717 -9.33145332],[ 11.50527382  10.44673252 -10.19005489]
,,,,,,
42:38.0,965430,161.8302324,64.03817455,[15.16978073 14.76026249 -9.49300385],[13.83161545 13.07699776 -9.32904339],[ 11.50586224  10.44042492 -10.17797184]
,,,,,,
42:38.0,969430,162.0185237,47.07281745,[15.16855049 14.75651073 -9.49005127],[13.8359375  13.0675354  -9.32957458],[ 11.50034714  10.43936539 -10.16751289]
,,,,,,
42:38.0,973432,162.0260899,1.890607223,[15.17339706 14.74800587 -9.48901367],[13.83853817 13.06429291 -9.32197762],[ 11.50639725  10.43324947 -10.15018559]
,,,,,,
42:38.0,978430,162.1057749,15.94337996,[15.1750803  14.7434063  -9.48719215],[13.83684444 13.06447983 -9.31791592],[ 11.50348282  10.42963982 -10.13961601]
,,,,,,
42:38.0,982431,162.2265154,30.17757343,[15.1746645  14.73834515 -9.48408031],[13.83967304 13.05817604 -9.31749344],[ 11.50058746  10.4204874  -10.13570976]
,,,,,,
42:38.0,986430,162.4902375,65.9470166,[15.17929649 14.73035145 -9.48280144],[13.84259224 13.04970455 -9.31644821],[ 11.50598812  10.41707611 -10.11670303]
,,,,,,
42:38.0,990430,162.7479672,64.43242809,[15.18299389 14.72363472 -9.48075867],[13.83821774 13.05084038 -9.3166151 ],[ 11.49912262  10.41655159 -10.10741997]
,,,,,,
42:38.0,994430,162.7014687,11.62462456,[15.18343163 14.72176075 -9.47866631],[13.84691811 13.04149723 -9.3094492 ],[ 11.50391197  10.41149139 -10.09016991]
,,,,,,
42:38.0,998433,162.704769,0.824459115,[15.17938232 14.72189808 -9.4766016 ],[13.84558487 13.039855   -9.30516148],[ 11.50367737  10.40608501 -10.08189106]
,,,,,,
42:38.0,3432,162.9150178,0.211305085,[15.18345356 14.71692467 -9.46547318],[13.84978962 13.03216743 -9.29987144],[ 11.50872993  10.39339352 -10.07395554]
,,,,,,
42:38.0,7431,162.64919,66.47357327,[15.18343639 14.7139101  -9.46254826],[13.86158276 13.02125454 -9.28899193],[ 11.50407982  10.39918995 -10.05622005]
,,,,,,
42:38.0,11432,162.7265516,19.33558446,[15.18187809 14.7137661  -9.46031284],[13.8557291  13.02515793 -9.28419018],[ 11.50643539  10.39078045 -10.04819298]
,,,,,,
42:38.0,15431,162.9342651,51.94135733,[15.18892384 14.70598698 -9.45558453],[13.85978222 13.01798534 -9.28179455],[ 11.50761509  10.38529301 -10.03668976]
,,,,,,
42:38.0,19430,162.9755971,10.33557155,[15.18882561 14.70105553 -9.45473576],[13.86119556 13.01566696 -9.27521896],[ 11.51276588  10.38493347 -10.01683998]
,,,,,,
42:38.0,23431,162.8366888,34.71838973,[15.19220352 14.69427967 -9.45571709],[13.86635685 13.00705624 -9.27030468],[ 11.51595211  10.37782669 -10.00962639]
,,,,,,
42:38.0,28430,162.964031,25.47353285,[15.19732475 14.69112682 -9.44320107],[13.8710146  13.00365639 -9.25972176],[11.5193119  10.37387848 -9.99423981]
,,,,,,
42:38.0,32430,163.2585741,73.6357875,[15.2008028  14.68730927 -9.43175411],[13.87241459 12.99912739 -9.25561428],[11.52549458 10.36561966 -9.98523903]
,,,,,,
42:38.0,36430,163.0850985,43.36890608,[15.1990366  14.68697643 -9.43193722],[13.8745594  12.99785042 -9.2474966 ],[11.53079987 10.35957623 -9.97433949]
,,,,,,
42:38.0,40430,163.669722,146.1558796,[15.2042923 14.6879034 -9.414855 ],[13.87183952 12.99858379 -9.24570656],[11.53123093 10.35808849 -9.96383953]
,,,,,,
42:38.0,44431,163.3175057,88.03207477,[15.21047783 14.67646694 -9.41732121],[13.8855896  12.98650551 -9.23574829],[11.53654003 10.35661697 -9.94954777]
,,,,,,
42:38.0,48431,163.4267636,27.31446917,[15.21757317 14.66882992 -9.41583538],[13.89173794 12.9784584  -9.23414707],[11.54015732 10.35119152 -9.93998241]
,,,,,,
42:38.1,53432,163.4166052,2.0312588,[15.22506523 14.66208172 -9.41212463],[13.88944626 12.98297119 -9.22594833],[11.53956223 10.35202408 -9.93093014]
,,,,,,
42:38.1,57432,163.3660014,12.65097152,[15.23022842 14.65749454 -9.40778828],[13.89392948 12.97957802 -9.21776581],[11.54759884 10.34476376 -9.92103481]
,,,,,,
42:38.1,61431,163.7708398,101.2349292,[15.23400593 14.65550327 -9.39675331],[13.89574623 12.97804832 -9.21680927],[11.55434513 10.33926392 -9.91269493]
,,,,,,
42:38.1,65430,163.7554029,3.860187517,[15.23781109 14.64940357 -9.39815235],[13.90178776 12.97165775 -9.21393394],[11.55791473 10.33630562 -9.90178394]
,,,,,,
42:38.1,69430,163.6261974,32.30137999,[15.24480915 14.64147282 -9.40065098],[13.9048748  12.96849632 -9.20729542],[11.56359673 10.33208466 -9.89012146]
,,,,,,
42:38.1,73431,163.8803008,63.50996095,[15.24483871 14.6412878  -9.39814758],[13.90617466 12.96435928 -9.21060753],[11.56876183 10.32544994 -9.88678169]
,,,,,,
42:38.1,78430,164.1731383,58.57922893,[15.24831581 14.64338017 -9.38617802],[13.91717052 12.95279312 -9.2087965 ],[11.57218933 10.32618809 -9.87516594]
,,,,,,
42:38.1,82433,163.9540246,54.73738668,[15.24980736 14.63855076 -9.3908577 ],[13.91916561 12.95264816 -9.20368099],[11.57337189 10.32301426 -9.86907387]
,,,,,,
42:38.1,86432,163.9496653,1.090101044,[15.25448704 14.63574791 -9.38582897],[13.92262077 12.95328426 -9.19488525],[11.57714081 10.32470226 -9.85476208]
,,,,,,
42:38.1,90433,163.8168119,33.20503779,[15.25644207 14.63204002 -9.38499737],[13.92583561 12.95245361 -9.19030666],[11.57909966 10.31813622 -9.85391903]
,,,,,,
42:38.1,94431,163.7459945,17.71320481,[15.25834465 14.63141632 -9.3818264 ],[13.928936   12.95083618 -9.18428516],[11.58220196 10.31353283 -9.84799099]
,,,,,,
42:38.1,98430,163.5364141,52.40821524,[15.2586031  14.62955379 -9.38355541],[13.93725109 12.94234848 -9.17997265],[11.58865643 10.30476761 -9.84335613]
,,,,,,
42:38.1,103432,163.9786804,88.41788974,[15.26567268 14.62442017 -9.37861633],[13.93825722 12.93763924 -9.18277645],[11.59317017 10.3049612  -9.83152199]
,,,,,,
42:38.1,107430,163.8679762,27.68989063,[15.27177334 14.62133503 -9.37016201],[13.94419384 12.93747425 -9.17084599],[11.5951767  10.3068037  -9.82056713]
,,,,,,
42:38.1,111432,163.9137857,11.44666599,[15.27444363 14.61690617 -9.36712074],[13.94169044 12.94075584 -9.16760826],[11.59504223 10.3019886  -9.81910515]
,,,,,,
42:38.1,115431,164.236516,80.70273799,[15.2745409  14.61574936 -9.36396313],[13.9450531  12.93382359 -9.17171764],[11.60023117 10.29670906 -9.81233406]
,,,,,,
42:38.1,119430,163.8703456,91.56548361,[15.27991486 14.60798359 -9.36983967],[13.95413876 12.9267292  -9.16504574],[11.6061964  10.29058743 -9.8065567 ]
,,,,,,
42:38.1,124431,164.4321974,112.3478848,[15.28105068 14.61301994 -9.35685539],[13.95706749 12.92026329 -9.16879654],[11.61381245 10.28357315 -9.80022907]
,,,,,,
42:38.1,128434,164.4067787,6.349917009,[15.2842598  14.60816669 -9.35728645],[13.95977974 12.91818905 -9.16752529],[11.61223698 10.28145885 -9.79805756]
,,,,,,
42:38.1,132430,164.3486184,14.55462154,[15.28590202 14.60446644 -9.35778999],[13.95948219 12.91936588 -9.16399288],[11.6119585  10.28084469 -9.79341507]
,,,,,,
42:38.1,136430,164.5716872,55.76719112,[15.29352093 14.59802437 -9.35567093],[13.96139908 12.91496086 -9.16635323],[11.61260033 10.27895355 -9.79045868]
,,,,,,
42:38.1,140430,164.5777565,1.51733331,[15.29302311 14.59907722 -9.35020542],[13.96004868 12.91759586 -9.16201782],[11.61793232 10.26970577 -9.7917223 ]
,,,,,,
42:38.1,144431,164.5792152,0.364582018,[15.29232407 14.60279083 -9.3452673 ],[13.96431828 12.91469002 -9.15711021],[11.62243652 10.26697159 -9.78419018]
,,,,,,
42:38.1,148430,164.538129,10.27411496,[15.29465389 14.59762478 -9.34856987],[13.96481705 12.91312218 -9.15777302],[11.62003803 10.26744843 -9.7834549 ]
,,,,,,
42:38.2,153431,164.5205522,3.514662154,[15.29686832 14.59532642 -9.35092831],[13.96597385 12.91094303 -9.15877628],[11.61899376 10.26712799 -9.7831068 ]
,,,,,,
42:38.2,157431,164.4228332,24.42974679,[15.29519939 14.59656048 -9.35081577],[13.96634197 12.91230679 -9.15489674],[11.62254047 10.26516056 -9.77955818]
,,,,,,
42:38.2,161430,164.3868859,8.98906011,[15.29590702 14.59538555 -9.35012245],[13.97340012 12.9040041  -9.15489006],[11.62526321 10.26224232 -9.77796459]
,,,,,,
42:38.2,165430,164.1717361,53.78747076,[15.29788494 14.59379959 -9.3495245 ],[13.97935677 12.90118408 -9.14844799],[11.62793255 10.26195145 -9.77297306]
,,,,,,
42:38.2,169430,164.0525606,29.79387465,[15.29985809 14.59004498 -9.35231304],[13.98292828 12.89670849 -9.14830303],[11.62963867 10.2587595  -9.77440166]
,,,,,,
42:38.2,173431,164.4496139,99.23851678,[15.30017567 14.59146118 -9.34934616],[13.98078823 12.89823627 -9.15299416],[11.63702202 10.25439167 -9.76946545]
