Timestamp,Milliseconds,Angle,Angular Velocity,Sensor 1,Sensor 2,Sensor 3
18:09:47.444690,444690,84.32083063296943,189.61710547340718,[15.84739208 15.27422142 -9.25710392],[15.09504318 15.20068645 -7.01055861],[15.7283144  16.92841339 -6.93422174]
18:09:47.449691,449691,84.29184938526748,5.795090522285451,[15.85579395 15.26962852 -9.25485229],[15.09889412 15.19867516 -7.00793362],[15.7286911 16.9263134 -6.9344573]
18:09:47.453717,453717,84.07607589297949,53.59500553601438,[15.85068321 15.2802906  -9.25384521],[15.09416389 15.20250511 -7.01037931],[15.73203373 16.92264175 -6.93573618]
18:09:47.457691,457691,84.30159585667172,56.748858503330545,[15.84751225 15.28578281 -9.25682926],[15.09077454 15.203022   -7.01443911],[15.72793674 16.9281559  -6.92879248]
18:09:47.461691,461691,84.14578684638579,38.952252571483825,[15.85402012 15.28817463 -9.24943638],[15.08075333 15.20528316 -7.02508116],[15.7279501  16.92487907 -6.93478012]
18:09:47.465716,465716,84.13588782927964,2.4593831319627713,[15.85028458 15.28867626 -9.25568962],[15.07991695 15.20619202 -7.02926636],[15.72524261 16.92318726 -6.94102335]
18:09:47.469717,469717,83.91569249523772,55.03507474179406,[15.85091114 15.28884983 -9.25962925],[15.08018398 15.20687103 -7.02675295],[15.73041439 16.91599274 -6.94493198]
18:09:47.474690,474690,83.87920675313033,7.336766963078195,[15.85100842 15.29462337 -9.25746822],[15.07752991 15.20571613 -7.03445673],[15.72615528 16.91799927 -6.94738531]
18:09:47.478690,478690,83.98649419783044,26.821861175026385,[15.84909248 15.29388332 -9.2647543 ],[15.07845783 15.20479965 -7.03475142],[15.72283459 16.92020798 -6.94703293]
18:09:47.482715,482715,84.06055271668815,18.39963201433824,[15.84694767 15.29930592 -9.26628113],[15.06315231 15.21108818 -7.04905939],[15.72032166 16.91959953 -6.95011187]
18:09:47.486716,486716,83.4078888691034,163.12518060103665,[15.84622955 15.30753803 -9.26412201],[15.07038689 15.20687485 -7.04197073],[15.71380043 16.91993332 -6.96264982]
18:09:47.490689,490689,83.52293805514093,28.95776139882306,[15.84732246 15.31316662 -9.26320839],[15.06723022 15.20418644 -7.05489922],[15.7096653  16.9222908  -6.96312904]
18:09:47.494690,494690,83.2628410351872,65.0080029876863,[15.84396362 15.32118607 -9.26759529],[15.0630703  15.21451473 -7.0438633 ],[15.70925331 16.92187119 -6.96248913]
18:09:47.499689,499689,82.97070018485243,58.43985803855985,[15.84489441 15.32386589 -9.27226067],[15.06255054 15.21826267 -7.03877592],[15.7021265  16.92423058 -6.97072744]
18:09:47.503727,503727,82.64299557254954,81.15517887639804,[15.8402462  15.33913422 -9.2716341 ],[15.05936432 15.21604443 -7.05009747],[15.69599724 16.92174911 -6.97945118]
18:09:47.507727,507727,81.95802644116769,171.24228284546206,[15.83992672 15.33943367 -9.27757549],[15.05603504 15.21678638 -7.05413485],[15.7039957  16.90644646 -7.00140429]
18:09:47.511727,511727,81.9388134321939,4.803252243448242,[15.83690739 15.35378075 -9.27253056],[15.05103302 15.22181797 -7.05677605],[15.70473766 16.90917206 -6.99425745]
18:09:47.515725,515725,81.82087179232555,29.500160047110707,[15.82567501 15.36847782 -9.28035259],[15.0414362  15.23185253 -7.05575514],[15.70381641 16.90997124 -6.99196005]
18:09:47.519725,519725,81.71329303551005,26.894689203874833,[15.83402252 15.36949635 -9.27538109],[15.03960228 15.2347126  -7.05436468],[15.69891548 16.91207314 -6.99323034]
18:09:47.524689,524689,81.77534050559883,12.499490348264588,[15.83996296 15.3752718  -9.26873875],[15.04044819 15.23361206 -7.05609894],[15.69671631 16.91579056 -6.9866209 ]
18:09:47.528689,528689,81.66988346046989,26.3642612822359,[15.84327221 15.38247967 -9.26532459],[15.03738022 15.23893738 -7.05563259],[15.68216801 16.92676926 -6.99016094]
18:09:47.532689,532689,81.50859120959444,40.32306271886199,[15.84047222 15.39170551 -9.26620293],[15.02953815 15.24666214 -7.05567122],[15.68673801 16.92362785 -6.98856831]
18:09:47.536689,536689,81.27464559594216,58.48640341307032,[15.82628918 15.41648102 -9.26445007],[15.02783966 15.24520874 -7.06413364],[15.69038773 16.91844559 -6.98494291]
18:09:47.540691,540691,81.35732244084198,20.658881784063542,[15.82899475 15.42169571 -9.26586723],[15.03112888 15.24354267 -7.06410313],[15.68399048 16.92366028 -6.9808197 ]
18:09:47.544745,544745,80.97327537668959,94.73287226255496,[15.82210159 15.43667889 -9.26951122],[15.01895046 15.2498579  -7.07310009],[15.68072701 16.92179489 -6.99056482]
18:09:47.549690,549690,81.04888164958348,15.289438401191685,[15.82919312 15.43606281 -9.26754379],[15.01510239 15.25423908 -7.07769251],[15.67663383 16.92539215 -6.99259329]
18:09:47.553715,553715,80.82160482695959,56.46629133512854,[15.82470989 15.44869995 -9.26694775],[15.01344204 15.25897503 -7.07730579],[15.67484951 16.92610168 -6.99422503]
18:09:47.557691,557691,80.75388668854629,17.031724953042726,[15.82913208 15.45230007 -9.26613331],[15.01807117 15.25649548 -7.07504797],[15.67241859 16.93053246 -6.99258327]
18:09:47.561689,561689,80.15781579076511,149.092270580584,[15.82808018 15.46865177 -9.25940132],[15.01107788 15.26390743 -7.07273197],[15.66997337 16.93037796 -6.99904394]
18:09:47.565730,565730,79.71859006275098,108.69233556400309,[15.81565189 15.49387932 -9.25433254],[15.01291084 15.26176548 -7.07659769],[15.66521549 16.93126869 -7.0011673 ]
18:09:47.569727,569727,80.06600131097113,86.9180005554553,[15.82115173 15.49099541 -9.26167393],[15.00897026 15.26462078 -7.07764578],[15.66712189 16.93331337 -6.99202728]
18:09:47.574689,574689,79.68225663842209,77.3366933794926,[15.82688618 15.49498749 -9.25827026],[15.00328922 15.27346992 -7.07273483],[15.66180229 16.93437004 -7.00003195]
18:09:47.578727,578727,79.98187171325006,74.19887935313741,[15.82264137 15.50067616 -9.26623249],[14.9979105  15.27634239 -7.07792473],[15.66370296 16.93580627 -6.99120426]
18:09:47.582725,582725,79.69311812291166,72.22450983952025,[15.82372665 15.5131073  -9.26652908],[14.99683952 15.28142929 -7.07721567],[15.66630936 16.93259621 -6.99245167]
18:09:47.586726,586726,79.66856538528234,6.136650244769079,[15.83064651 15.51758289 -9.26249123],[14.99058819 15.29060268 -7.07762098],[15.66227055 16.93639946 -6.99193716]
18:09:47.590718,590718,79.39003675817392,69.77170017745858,[15.8337183  15.52747631 -9.25460815],[14.98474789 15.29915237 -7.07653856],[15.66255474 16.93546104 -6.99287081]
18:09:47.594720,594720,79.26989230448866,30.02110286987913,[15.82783508 15.53957081 -9.25530434],[14.9866972  15.29696274 -7.08164454],[15.66017818 16.93709946 -6.99427414]
18:09:47.599692,599692,79.14467596322307,25.184300334995754,[15.82730103 15.54715157 -9.2602396 ],[14.98309326 15.30038834 -7.08336306],[15.66027832 16.9356308  -6.99533129]
18:09:47.603732,603732,78.76228179101892,94.65202282280791,[15.80915165 15.57305431 -9.26276112],[14.98829079 15.30106258 -7.07982588],[15.65823078 16.93856239 -6.99515676]
18:09:47.607717,607717,78.67932590810014,20.81703460948099,[15.81794834 15.57864189 -9.25556564],[14.98426437 15.31028271 -7.07719707],[15.65529633 16.94199181 -6.99307108]
18:09:47.611716,611716,78.73015046358219,12.709316199562863,[15.82995319 15.57976055 -9.24910545],[14.97873402 15.31484318 -7.07938576],[15.65304565 16.94600105 -6.98909283]
18:09:47.615722,615722,78.51065103303266,54.79266863443155,[15.82485008 15.59443855 -9.24805737],[14.97678185 15.31630325 -7.08356762],[15.65043354 16.94650841 -6.99071312]
18:09:47.619718,619718,78.27444374514135,59.110932905731715,[15.8246727  15.60536194 -9.24553013],[14.98042583 15.31756401 -7.07880259],[15.64767265 16.94716454 -6.98985147]
18:09:47.624689,624689,78.06128071878582,42.88131690917942,[15.82275009 15.62208843 -9.23749733],[14.97770405 15.32264137 -7.07940197],[15.63599491 16.95643425 -6.99001503]
18:09:47.628692,628692,78.5613870647297,124.93288682085358,[15.82197285 15.62796497 -9.2438755 ],[14.97213078 15.32722092 -7.0840745 ],[15.63833427 16.96207809 -6.97440052]
18:09:47.632716,632716,78.15640230756598,100.6423352792538,[15.82857418 15.64488411 -9.22570705],[14.96376133 15.33708954 -7.08797264],[15.64491463 16.95788956 -6.97259092]
18:09:47.636691,636691,77.83745444355003,80.23845635621473,[15.8350935  15.64885426 -9.22171783],[14.95084    15.35113144 -7.08947134],[15.63986111 16.96056366 -6.98237991]
18:09:47.640717,640717,77.56539473534765,67.57568509746082,[15.83687687 15.65968418 -9.21961975],[14.95160198 15.34936523 -7.09309959],[15.63991642 16.96233749 -6.98468828]
18:09:47.644691,644691,77.35304101176656,53.43576335709326,[15.81981564 15.67566586 -9.23079395],[14.95578671 15.34598541 -7.0972085 ],[15.6341877  16.96376991 -6.99186659]
18:09:47.649690,649690,77.44376088686658,18.14760454091236,[15.82168388 15.67809963 -9.23062038],[14.95785236 15.34952068 -7.09301186],[15.63724709 16.9666996  -6.9861021 ]
18:09:47.653715,653715,77.66826526408771,55.77748502388156,[15.8328886  15.67735195 -9.22866249],[14.94944    15.3598423  -7.09135103],[15.63390923 16.97169113 -6.97831345]
18:09:47.657716,657716,77.31014422052833,89.507883918865,[15.83260345 15.69096756 -9.21953011],[14.95553684 15.36118507 -7.08570051],[15.62927151 16.97603798 -6.97977304]
18:09:47.661717,661717,77.04920319084688,65.2189526821913,[15.83082104 15.7001524  -9.22263527],[14.95129299 15.36758804 -7.08513975],[15.62025928 16.9818306  -6.98722124]
18:09:47.665717,665717,76.61304468763063,109.03962580406201,[15.83755589 15.70743465 -9.21595383],[14.953578   15.37374401 -7.07628822],[15.62586117 16.97453308 -6.98888111]
18:09:47.669716,669716,76.71070424335016,24.420994178427357,[15.83523369 15.71539497 -9.21752739],[14.95031834 15.37733364 -7.08077526],[15.62299442 16.98023033 -6.98633146]
18:09:47.674689,674689,76.28380840212958,85.84271892631908,[15.82923412 15.73803043 -9.21000957],[14.94747448 15.38147163 -7.08126593],[15.61754131 16.98602486 -6.98720026]
18:09:47.678722,678722,76.32649538748653,10.584424834354417,[15.82908821 15.74081802 -9.21424103],[14.94867229 15.38270664 -7.08163309],[15.6173048  16.98696327 -6.98668385]
18:09:47.682691,682691,76.17851058333706,37.285161035392626,[15.82740116 15.74942207 -9.21534634],[14.94593239 15.385252   -7.08603764],[15.61945152 16.98664093 -6.98880911]
18:09:47.686717,686717,75.72983009306103,111.44572535420582,[15.82418251 15.77191925 -9.19989777],[14.9383812  15.3945303  -7.08752775],[15.61552906 16.98969078 -6.9887886 ]
18:09:47.690718,690718,75.87988677194387,37.50479352233139,[15.82670307 15.7704525  -9.2089901 ],[14.93562412 15.4003458  -7.08729744],[15.61474609 16.99168777 -6.98892117]
18:09:47.694739,694739,75.99825657058395,29.43790068144105,[15.83259296 15.77008533 -9.2097311 ],[14.93914413 15.3986311  -7.0895524 ],[15.61273956 16.99369812 -6.98753595]
18:09:47.699693,699693,75.69374823842938,61.46716434286818,[15.8317728  15.77826023 -9.20788193],[14.93576717 15.40122795 -7.09387398],[15.61236286 16.99324989 -6.99442101]
18:09:47.703717,703717,75.63347687017313,14.977974218750584,[15.8377018  15.7811594  -9.20512867],[14.93405533 15.40778351 -7.0899806 ],[15.60915089 16.99695587 -6.99374104]
18:09:47.707716,707716,75.56414654378234,17.336915826652568,[15.83064747 15.79136562 -9.21074963],[14.93276501 15.41096687 -7.09254694],[15.60828686 16.9980526  -6.99531507]
18:09:47.711691,711691,75.52083849965267,10.895105441427376,[15.82983589 15.79975986 -9.20729828],[14.93329144 15.41216564 -7.09071064],[15.61164665 16.99944115 -6.9888587 ]
18:09:47.715691,715691,75.43115751001177,22.420247410224192,[15.8293066  15.81509495 -9.19578171],[14.92277145 15.4198904  -7.09824562],[15.60242367 17.0085907  -6.98672104]
18:09:47.719717,719717,75.10028585362973,82.18371991605662,[15.82354641 15.82890606 -9.19284344],[14.92416859 15.42089462 -7.09383583],[15.6056776  17.00613976 -6.98499393]
18:09:47.724689,724689,75.0891528931967,2.2391312214462595,[15.83139038 15.82645607 -9.19373798],[14.92514992 15.42686462 -7.08494997],[15.60498619 17.0083847  -6.9833436 ]
18:09:47.728739,728739,75.08136951851291,1.921820909575936,[15.8418932  15.82533169 -9.18983746],[14.92892933 15.42645073 -7.08244181],[15.6002779  17.0141468  -6.98278904]
18:09:47.732691,732691,75.35523970161606,69.29913540059262,[15.83243179 15.83452034 -9.19367599],[14.92365837 15.43138599 -7.08516979],[15.59884071 17.02136612 -6.97400999]
18:09:47.736690,736690,75.42379355523788,17.14274909272862,[15.83596611 15.83514977 -9.19395351],[14.92668056 15.43122101 -7.08410025],[15.59332848 17.02808189 -6.97354698]
18:09:47.740715,740715,75.87832689613745,112.92753811169518,[15.83517075 15.83623123 -9.19606686],[14.92590523 15.43228817 -7.08637381],[15.5971384  17.03260231 -6.96002913]
18:09:47.744715,744715,75.64264696768133,58.91998211403049,[15.8314209  15.84607697 -9.19627762],[14.92023754 15.43607044 -7.09384394],[15.59357929 17.03245926 -6.96763849]
18:09:47.749690,749690,75.67001892479226,5.501900926820031,[15.83308697 15.84750462 -9.19836235],[14.91884518 15.4385891  -7.09624386],[15.60168934 17.02874756 -6.96574211]
18:09:47.753690,753690,75.68014628660431,2.5318404530132455,[15.83137035 15.84859848 -9.20333576],[14.92029381 15.43858624 -7.09730864],[15.59439182 17.03726196 -6.97067642]
18:09:47.757725,757725,75.31446661246956,90.62693287106651,[15.83042431 15.85243988 -9.20291138],[14.91808605 15.44398403 -7.09670162],[15.59646606 17.03384399 -6.9806776 ]
18:09:47.761733,761733,75.26496905692822,12.349689506321399,[15.83114147 15.85309982 -9.20395088],[14.92135429 15.44307327 -7.09600449],[15.60157204 17.03141785 -6.98078871]
18:09:47.765725,765725,75.10459491421905,40.17388344418171,[15.83142281 15.8534584  -9.20631409],[14.91923618 15.44485378 -7.09852743],[15.59597969 17.03301239 -6.98988247]
18:09:47.770312,770312,75.40847095451912,66.24722919120732,[15.83169174 15.85499954 -9.20551777],[14.91907978 15.44737816 -7.09964323],[15.59139824 17.03906441 -6.98311853]
18:09:47.774313,774313,75.19590074657638,53.12926966826611,[15.83211327 15.86090565 -9.20337582],[14.92224312 15.4468832  -7.09546709],[15.59263134 17.03944969 -6.98296833]
18:09:47.778311,778311,75.07604229335351,29.979603107272393,[15.83409595 15.86321545 -9.20112514],[14.92027664 15.44823265 -7.09787703],[15.59311295 17.0389843  -6.98558331]
18:09:47.782311,782311,75.0722593579056,0.9457338619789368,[15.83676434 15.86168194 -9.19959068],[14.92116261 15.44711399 -7.10018635],[15.59313583 17.04019165 -6.98739052]
18:09:47.786279,786279,75.01977642845837,13.226544719562161,[15.83641338 15.85857296 -9.20459557],[14.92066097 15.44897175 -7.10132599],[15.59160328 17.03972244 -6.99477768]
18:09:47.791275,791275,74.86670183153483,30.639430929452647,[15.83122635 15.86706352 -9.19999599],[14.91968727 15.45131493 -7.0995717 ],[15.59011459 17.04169273 -6.99397039]
18:09:47.795277,795277,75.00355249661096,34.19556848479234,[15.83467102 15.8630991  -9.20249271],[14.91559124 15.45333481 -7.10523176],[15.58754063 17.04325104 -6.99649763]
18:09:47.799301,799301,75.10151600892857,24.344809224056974,[15.83748531 15.85996056 -9.20186329],[14.91704082 15.45342255 -7.10467243],[15.58853531 17.04434395 -6.99499035]
18:09:47.803302,803302,75.0756757822757,6.458442052705517,[15.83248901 15.86564541 -9.19902515],[14.9168005  15.45209694 -7.10827923],[15.5913105  17.04449844 -6.99312735]
18:09:47.807312,807312,75.2229721692966,36.73226609000036,[15.83263683 15.86016846 -9.20395565],[14.91793728 15.45149326 -7.10663939],[15.59004307 17.04730034 -6.9930644 ]
18:09:47.811276,811276,75.39660797981429,43.80318126077062,[15.83657265 15.85802841 -9.20034695],[14.91579819 15.45429611 -7.10492373],[15.59123421 17.04812813 -6.98624992]
18:09:47.816313,816313,75.58668881983166,37.736914833705185,[15.83386326 15.85434151 -9.20728016],[14.91782951 15.45338821 -7.10503674],[15.59289646 17.04650879 -6.98509884]
18:09:47.820313,820313,75.48218096613614,26.126963423880767,[15.83333778 15.85523701 -9.20519161],[14.92008114 15.45349503 -7.10118437],[15.59266186 17.04646111 -6.98587608]
18:09:47.824314,824314,75.65186148428465,42.40952715533876,[15.83507252 15.8472023  -9.20922947],[14.92149925 15.4528141  -7.09924221],[15.59244061 17.04702568 -6.98568153]
18:09:47.828311,828311,75.84022016207422,47.12501320729693,[15.8305912  15.84617805 -9.21206474],[14.92374611 15.45110607 -7.09717035],[15.58852959 17.0523777  -6.98224878]
18:09:47.832312,832312,75.6313400670355,52.20697201667643,[15.82765198 15.84553337 -9.21343899],[14.92605591 15.45131683 -7.08982372],[15.59255219 17.04940796 -6.98464823]
18:09:47.836302,836302,75.47928424291736,38.10922910228979,[15.82765484 15.84385586 -9.2119503 ],[14.92918015 15.4487524  -7.08272266],[15.59528542 17.04718399 -6.98390627]
18:09:47.841275,841275,75.59778445301077,23.828717090974383,[15.82969093 15.84033585 -9.20973969],[14.93076515 15.44579411 -7.0871439 ],[15.60002613 17.04461288 -6.98237324]
18:09:47.845275,845275,75.64321714426919,11.358172814603051,[15.82765484 15.83806324 -9.20970058],[14.93308353 15.43897915 -7.08972979],[15.60233402 17.04319572 -6.98105097]
18:09:47.849275,849275,75.89423076404499,62.7534049439511,[15.82622147 15.83348846 -9.2088623 ],[14.92550755 15.44238663 -7.09642696],[15.60144806 17.04510117 -6.98001194]
18:09:47.853275,853275,75.99272078505909,24.622505253525162,[15.82999134 15.82152081 -9.2084465 ],[14.9358654  15.43177032 -7.09684658],[15.60134029 17.04355621 -6.98346758]
18:09:47.857275,857275,76.37475088610552,95.50752526160622,[15.82757378 15.80772018 -9.21905804],[14.93940926 15.42857838 -7.0962534 ],[15.60060501 17.04428291 -6.98378372]
18:09:47.861275,861275,76.27635903670665,24.59796234971634,[15.81733131 15.81226444 -9.21636295],[14.94051456 15.4241066  -7.09932232],[15.59832191 17.04480362 -6.98621225]
18:09:47.866326,866326,76.60330185537923,64.72833472036777,[15.81867981 15.79933643 -9.22345352],[14.93697071 15.42981434 -7.09323502],[15.60416889 17.04141426 -6.98138905]
18:09:47.870310,870310,77.05833806746223,114.21591668750041,[15.82154369 15.78938866 -9.22708225],[14.9397192  15.42673016 -7.0935936 ],[15.60888195 17.04032707 -6.97227287]
18:09:47.874311,874311,76.91997459752295,34.582221929337315,[15.8259325  15.78281498 -9.22212601],[14.94055653 15.42347908 -7.09344625],[15.61432934 17.03476906 -6.97544146]
18:09:47.878277,878277,76.89827560503481,5.471253779157926,[15.83286762 15.76969624 -9.21711445],[14.94582844 15.41872311 -7.08965397],[15.62129784 17.02792358 -6.97700405]
18:09:47.882301,882301,77.01977500514715,30.19368790068129,[15.8307991  15.76506042 -9.21456718],[14.94769764 15.41739178 -7.08522081],[15.62038136 17.02980423 -6.97349119]
18:09:47.886303,886303,76.90759767295462,28.03031788918799,[15.82567787 15.75838566 -9.21798897],[14.94703007 15.41591549 -7.08437634],[15.61744118 17.02690887 -6.98259401]
18:09:47.891275,891275,77.039668684518,26.56295485989199,[15.8301897  15.7514534  -9.21091366],[14.94942379 15.40971565 -7.08591413],[15.61740494 17.02789879 -6.97929335]
18:09:47.895313,895313,77.3067289060255,66.13675619303918,[15.83232403 15.74058437 -9.20956612],[14.95415974 15.40364456 -7.08584738],[15.61312199 17.0304966  -6.97786951]
18:09:47.899313,899313,77.53203345613977,56.32613752856841,[15.83530426 15.72713947 -9.21059227],[14.95475864 15.40240955 -7.08532047],[15.61649799 17.02760315 -6.97773886]
18:09:47.903320,903320,77.3123480863326,54.825398005282345,[15.83707428 15.71877384 -9.21059132],[14.96435547 15.39368153 -7.07871819],[15.62200356 17.02015877 -6.9825983 ]
18:09:47.907313,907313,77.61510898114528,75.82291380232364,[15.83266354 15.71083736 -9.21591187],[14.95851898 15.39184952 -7.08702087],[15.62543869 17.01603127 -6.98153067]
18:09:47.911276,911276,77.76901255656603,38.83511870318996,[15.82822037 15.69389057 -9.22728443],[14.96268559 15.39004612 -7.07602882],[15.62174606 17.01804924 -6.9859581 ]
18:09:47.916317,916317,78.23429897548293,92.30042033662045,[15.8335371  15.67541885 -9.23495674],[14.96266079 15.38640976 -7.07654381],[15.62826061 17.01473999 -6.98030758]
18:09:47.920277,920277,78.0772016045499,39.671053265916754,[15.8245945  15.68051052 -9.22520256],[14.96112537 15.38201809 -7.07943439],[15.62763309 17.01431656 -6.98067665]
18:09:47.924311,924311,78.1140767139036,9.141078173946806,[15.83011723 15.67378807 -9.21657753],[14.96618938 15.37383938 -7.0793457 ],[15.63668823 17.00965691 -6.97547436]
18:09:47.928311,928311,78.74295197748236,157.21881589469078,[15.8225975  15.65783978 -9.23193932],[14.97170734 15.36834717 -7.07364178],[15.64031124 17.01038551 -6.96540976]
18:09:47.932325,932325,78.59334792606862,37.27056587288147,[15.82294846 15.65439129 -9.22542477],[14.97466183 15.36521053 -7.07221842],[15.64156818 17.00515938 -6.96912003]
18:09:47.936313,936313,78.89164812107752,74.79944709350706,[15.82055378 15.63714981 -9.23939228],[14.98393822 15.35385418 -7.07739353],[15.63660526 17.00485039 -6.97855663]
18:09:47.941275,941275,78.79792454733693,18.8882655664228,[15.83668518 15.61528969 -9.23497391],[14.98264408 15.35567856 -7.06405973],[15.64008713 16.99866486 -6.98106623]
18:09:47.945311,945311,79.33346809521014,132.69166201020897,[15.8384819  15.60305691 -9.23371029],[14.9844017  15.3465538  -7.06831121],[15.63915825 17.00169754 -6.9708333 ]
18:09:47.949310,949310,79.50706880625756,43.411030519486765,[15.83338737 15.59122562 -9.2423563 ],[14.98456478 15.34392738 -7.06818056],[15.63545513 17.00209427 -6.97613096]
18:09:47.953312,953312,79.76518050412999,64.49567662979072,[15.82823086 15.58726978 -9.24547291],[14.98914528 15.33649826 -7.07325411],[15.63920784 16.99929619 -6.97276449]
18:09:47.957319,957319,79.94663936125012,45.28546471677916,[15.82991123 15.56997967 -9.25336456],[14.99105263 15.33315182 -7.06910372],[15.64445114 16.99307823 -6.97395372]
18:09:47.962277,962277,79.90130539939308,9.143598599644946,[15.8323946  15.55931664 -9.24982357],[15.00499344 15.3186779  -7.06464005],[15.64871407 16.98834991 -6.97474337]
18:09:47.966278,966278,80.21108729107866,77.42611639229551,[15.82672787 15.55091858 -9.25383472],[15.00111198 15.31798744 -7.06505013],[15.65511799 16.98698997 -6.96855688]
18:09:47.970279,970279,80.02607305778672,46.24199782352851,[15.82710266 15.54617405 -9.24722004],[15.00743675 15.31435013 -7.05612803],[15.65363216 16.98418999 -6.97082376]
18:09:47.974279,974279,79.92229433624102,25.944680386423613,[15.82788372 15.53444672 -9.24604511],[15.00209236 15.31575871 -7.05903625],[15.65617657 16.97668839 -6.98163605]
18:09:47.978311,978311,79.95473332217674,8.045383416595385,[15.82714748 15.52787399 -9.24364662],[15.00958824 15.30705738 -7.05559683],[15.65647888 16.97610283 -6.98053932]
18:09:47.982277,982277,80.39914641163881,112.055746208289,[15.82577515 15.51672363 -9.24968433],[15.00825977 15.3027277  -7.0618248 ],[15.65770626 16.97675514 -6.97681236]
18:09:47.986311,986311,80.24892216051866,37.23952680221868,[15.82950401 15.51336861 -9.23476505],[15.01166916 15.29887581 -7.05621195],[15.65675068 16.97562027 -6.97567844]
18:09:47.991275,991275,80.63873714543,78.52840147287259,[15.83084011 15.50079346 -9.23813057],[15.01455593 15.29191589 -7.06144142],[15.6578455  16.9751606  -6.97335148]
18:09:47.995335,995335,80.61908027283789,4.84159423450942,[15.82246304 15.49283028 -9.2511034 ],[15.01478291 15.29251957 -7.05563021],[15.6649828  16.96758652 -6.97711229]
18:09:47.999310,999310,81.16964449693424,138.50672304310646,[15.83727551 15.46426105 -9.25736713],[15.02073479 15.28941536 -7.04819965],[15.66199493 16.97098732 -6.97369242]
18:09:48.003277,003277,81.24509687875745,0.07575289355193209,[15.83108997 15.4638319  -9.25354862],[15.02622032 15.27914906 -7.05510616],[15.66769123 16.96556854 -6.97226095]
18:09:48.007313,007313,81.3384995993843,23.142398569587534,[15.83623695 15.45471001 -9.24762058],[15.0212431  15.28169346 -7.05548286],[15.66418648 16.96688271 -6.97432184]
18:09:48.011311,011311,81.55829675899736,54.97677829240907,[15.8336668  15.44889736 -9.25212955],[15.02288151 15.27695179 -7.05934906],[15.66180325 16.96748924 -6.97448492]
18:09:48.016277,016277,81.67207977822264,22.912408220958653,[15.82884407 15.44549274 -9.2522192 ],[15.02544403 15.2739172  -7.05415249],[15.6654501  16.96615982 -6.96820068]
18:09:48.020276,020276,82.1163668361442,111.09953936523044,[15.8344574  15.42382908 -9.26300621],[15.03116894 15.27033329 -7.0490303 ],[15.67011547 16.96240807 -6.96464682]
18:09:48.024278,024278,82.04690981451694,17.35557761800552,[15.83722782 15.41786098 -9.25374126],[15.0316267  15.26598167 -7.05169535],[15.67413139 16.95991516 -6.96757174]
18:09:48.028316,028316,82.12855808605195,20.219978091881178,[15.83437729 15.41075802 -9.25778198],[15.03452778 15.26030731 -7.05241919],[15.67710781 16.95552444 -6.96864796]
18:09:48.032303,032303,82.41763066042594,72.50378088136173,[15.83187294 15.40157032 -9.26252747],[15.04106426 15.24929619 -7.05745411],[15.67861938 16.95306778 -6.96701384]
18:09:48.036279,036279,82.48569752716477,17.11943328441443,[15.83378887 15.38727283 -9.26930237],[15.04147816 15.2454052  -7.05450439],[15.67990112 16.95048904 -6.97050333]
18:09:48.041276,041276,82.38896793709175,19.35753253412547,[15.83549976 15.38024902 -9.26920128],[15.04641628 15.23838043 -7.05236864],[15.68446636 16.94490814 -6.9728899 ]
18:09:48.045311,045311,82.65099308972178,64.93807995787627,[15.82918072 15.38101006 -9.26953411],[15.04202175 15.24081612 -7.05101824],[15.67876816 16.95121002 -6.96542931]
18:09:48.049315,049315,82.74648360919223,23.84878108652477,[15.83834934 15.37117195 -9.26231003],[15.03497505 15.2447958  -7.05414486],[15.68472862 16.94934845 -6.96593094]
18:09:48.053312,053312,82.94870149674043,50.59241619919972,[15.84120178 15.36609364 -9.25753403],[15.02641296 15.250597   -7.05637932],[15.68606186 16.95216942 -6.96240807]
18:09:48.057310,057310,83.09619502405216,36.89182774180544,[15.82672977 15.36274624 -9.26986027],[15.03344345 15.24028969 -7.05675173],[15.68903637 16.94473839 -6.96126747]
18:09:48.061311,061311,82.94476745785062,37.84742969296372,[15.83282375 15.35384941 -9.2658844 ],[15.04406452 15.22990322 -7.05713606],[15.68871975 16.9368782  -6.96971798]
18:09:48.066277,066277,83.00221499087378,11.568170161732777,[15.83460903 15.34786415 -9.2667942 ],[15.04472256 15.22927761 -7.05539083],[15.69465542 16.93289757 -6.96834612]
18:09:48.070333,070333,83.4755747855859,116.70606378504044,[15.84251785 15.33264542 -9.26929379],[15.04390717 15.2259388  -7.05933619],[15.68982124 16.9371624  -6.96480513]
18:09:48.074333,074333,83.69452613049215,54.73783622656114,[15.82891273 15.33251858 -9.28247261],[15.03955746 15.22735596 -7.06159735],[15.69361305 16.93308449 -6.96182489]
18:09:48.078334,078334,83.58851992818478,26.494926845131165,[15.8313942  15.32643795 -9.28240013],[15.04813099 15.22069454 -7.05604887],[15.69135475 16.9325695  -6.9654088 ]
18:09:48.082311,082311,83.6544742569848,16.583939854165944,[15.82733059 15.3217802  -9.28787136],[15.04754925 15.21743584 -7.05700302],[15.69390106 16.93005562 -6.96576786]
18:09:48.087277,087277,83.82755461505948,34.85307250799137,[15.82572651 15.31327152 -9.29277706],[15.04676437 15.21690655 -7.05692959],[15.69462395 16.92991638 -6.96634054]
18:09:48.091275,091275,84.00976977441212,45.57657812722289,[15.82532978 15.3085165  -9.29396057],[15.04855347 15.21017265 -7.06216097],[15.69265556 16.9301815  -6.96559477]
18:09:48.095312,095312,84.26468142545582,63.143832312038356,[15.83713818 15.29567242 -9.28824043],[15.05104256 15.20981026 -7.05833578],[15.69421768 16.93033028 -6.96038723]
18:09:48.099312,099312,84.11332466164531,37.83919095262789,[15.84144497 15.29320049 -9.28278446],[15.05622864 15.20295906 -7.05702925],[15.69692993 16.92624474 -6.96149778]
18:09:48.103277,103277,83.80656055717867,77.36799608238017,[15.83233356 15.30160332 -9.28093052],[15.05282116 15.20475292 -7.05889702],[15.69398022 16.92532349 -6.96933556]
18:09:48.107312,107312,83.92173084045898,28.542821135144177,[15.82881737 15.29556942 -9.28773499],[15.05733681 15.19655704 -7.06370544],[15.69392872 16.92388916 -6.97273874]
18:09:48.111291,111291,84.17704467759935,64.16532725317356,[15.82966995 15.28610516 -9.29466438],[15.05575943 15.19560146 -7.06614113],[15.69597912 16.92176819 -6.97183943]
18:09:48.116313,116313,84.14250653635182,6.8773678310509005,[15.82255554 15.28603745 -9.30122185],[15.05638409 15.19419575 -7.06305265],[15.69771194 16.91885185 -6.97161961]
18:09:48.120320,120320,84.28345671215065,35.17598597425385,[15.82961655 15.2779417  -9.29866982],[15.05317497 15.19400597 -7.06587648],[15.69972134 16.91642189 -6.97069359]
18:09:48.124277,124277,83.98024397769363,76.62692303690167,[15.82752991 15.27970028 -9.29721165],[15.05650425 15.19277573 -7.06194067],[15.70210075 16.90990448 -6.97634315]
18:09:48.128330,128330,83.9953056912552,3.7161888876300804,[15.82708549 15.27669239 -9.29916573],[15.0541296  15.18977261 -7.06688595],[15.69608688 16.91155243 -6.98134089]
18:09:48.132302,132302,83.9283506676811,16.856753165683703,[15.83016872 15.27442455 -9.29588985],[15.05411148 15.19203186 -7.06075335],[15.6930933  16.91322327 -6.98133039]
18:09:48.136302,136302,83.91855624911,2.4486046427760755,[15.82990265 15.27212524 -9.29672813],[15.05291176 15.18941975 -7.06741571],[15.693964   16.90926743 -6.98643112]
18:09:48.141274,141274,84.03790584864375,24.004344234462707,[15.82658195 15.26785755 -9.30475426],[15.05417156 15.18850994 -7.06586838],[15.69380665 16.90877342 -6.98619461]
18:09:48.145301,145301,84.17262130105983,33.453054982887636,[15.83139992 15.26624012 -9.30166245],[15.05395794 15.18868256 -7.06438828],[15.68991661 16.91401863 -6.9815402 ]
18:09:48.149310,149310,84.2697425730738,24.225809931146095,[15.83394337 15.26440239 -9.30035973],[15.05269337 15.18742085 -7.0685277 ],[15.68942356 16.91265106 -6.9809947 ]
18:09:48.153301,153301,84.00921359897322,65.27912154862955,[15.8358345  15.26683712 -9.29420853],[15.05143738 15.18877125 -7.06663275],[15.688344   16.91222382 -6.98557425]
18:09:48.157301,157301,84.15198826193749,35.693665741067804,[15.83164692 15.26876736 -9.29696465],[15.05323219 15.18667221 -7.06617308],[15.68838978 16.91425705 -6.97993469]
18:09:48.161275,161275,84.05197546754498,25.166782685584348,[15.83027077 15.2697382  -9.29981613],[15.05352497 15.18576145 -7.06691217],[15.68844032 16.91098595 -6.98319912]
18:09:48.166277,166277,84.02282642081997,5.827478353660526,[15.83037186 15.2696209  -9.29906178],[15.05406857 15.18567371 -7.06566429],[15.68394756 16.91241837 -6.98477793]
18:09:48.170276,170276,83.89689348691871,31.491106251876424,[15.83257675 15.27036285 -9.29646301],[15.05228519 15.18556213 -7.06724167],[15.68769264 16.90787697 -6.98643494]
18:09:48.174313,174313,83.94657167770345,12.305719788142712,[15.83282089 15.26930809 -9.2989254 ],[15.05273628 15.18523502 -7.06737947],[15.68923092 16.90729904 -6.98543262]
18:09:48.178277,178277,84.00291365612213,14.213415342756376,[15.83328629 15.2696743  -9.29905987],[15.0535965  15.18409824 -7.06762791],[15.68829155 16.9080677  -6.98340464]
18:09:48.182275,182275,83.98437503151159,4.636974639955564,[15.83170509 15.27166843 -9.30197048],[15.05195999 15.18517113 -7.06764936],[15.68976021 16.90704155 -6.98257732]
18:09:48.186277,186277,84.0972882625823,28.214200667342922,[15.83253574 15.27222252 -9.30200768],[15.0501318  15.18375397 -7.07275534],[15.68807983 16.90873718 -6.98123646]
18:09:48.191275,191275,84.01363059069872,16.73822966858174,[15.83300018 15.27231789 -9.30334949],[15.05005836 15.18397331 -7.07260561],[15.69038773 16.90464211 -6.98302937]
18:09:48.195303,195303,83.91240563956526,25.130325504831227,[15.8319521  15.27628803 -9.30247211],[15.04493999 15.1882019  -7.07368994],[15.6900053  16.90468788 -6.98468447]
18:09:48.199303,199303,83.62737809229799,71.25688681681908,[15.83194733 15.28555775 -9.29669857],[15.04520893 15.18819046 -7.07404518],[15.68719482 16.90464211 -6.98780823]
18:09:48.203329,203329,83.45060183546207,43.90865793241969,[15.82633877 15.29659557 -9.29748821],[15.04442406 15.19018078 -7.07067776],[15.68439198 16.90646553 -6.98583746]
18:09:48.207276,207276,83.4424376250108,2.068459703893991,[15.83342934 15.29752064 -9.29308701],[15.04109859 15.19305611 -7.07167149],[15.68455601 16.90742302 -6.98403931]
18:09:48.211277,211277,83.30669569346453,33.927001136281824,[15.8274641  15.30939293 -9.29234314],[15.03506184 15.19559383 -7.08098364],[15.68233109 16.90663338 -6.98804998]
18:09:48.216326,216326,83.03161504251997,54.48220458398883,[15.82072735 15.32068539 -9.29332161],[15.03450775 15.19327259 -7.08299017],[15.6855278  16.90322113 -6.98911524]
18:09:48.220276,220276,82.92082790967315,28.047375404259114,[15.82527924 15.32492733 -9.29073238],[15.03477192 15.19446278 -7.0810461 ],[15.6848917  16.90392113 -6.98760557]
18:09:48.224333,224333,82.84012758723847,19.891624953088506,[15.82259274 15.32906437 -9.29425812],[15.03283787 15.20037174 -7.07421494],[15.68160629 16.90682411 -6.98665142]
18:09:48.228305,228305,82.6342501404652,51.832187002334294,[15.82666874 15.33150291 -9.29011917],[15.02818108 15.20690346 -7.07179451],[15.67582703 16.90857315 -6.99176645]
18:09:48.232277,232277,82.65772182755681,5.909286780366192,[15.82207298 15.33674908 -9.29601002],[15.03010082 15.20449734 -7.07221365],[15.6774168  16.90821457 -6.98825455]
18:09:48.236306,236306,82.4644270732933,47.975863555105256,[15.82195568 15.34536839 -9.29787254],[15.02866173 15.20501518 -7.0736928 ],[15.67144299 16.91055489 -6.99128866]
18:09:48.241275,241275,82.3400436271165,25.03188693435162,[15.82411575 15.35345745 -9.29425907],[15.03252506 15.20280743 -7.07230282],[15.66979885 16.91249275 -6.98833036]
18:09:48.245302,245302,82.21282016830186,31.592614555411064,[15.83002377 15.36195564 -9.28371048],[15.02560329 15.20955276 -7.07646179],[15.67143917 16.91149712 -6.98696375]
18:09:48.249301,249301,82.08769141575543,31.290010639267475,[15.82405853 15.36854267 -9.29130268],[15.02278519 15.21196079 -7.07745457],[15.67214108 16.91003036 -6.98937559]
18:09:48.253301,253301,81.9491094197003,34.64549901378078,[15.82998466 15.37732697 -9.28185558],[15.01672077 15.22057629 -7.08063126],[15.67186451 16.91152382 -6.98986626]
18:09:48.257312,257312,81.89171137512814,14.310158207969922,[15.82823563 15.38216305 -9.28509521],[15.02096176 15.21823597 -7.080585  ],[15.66379642 16.91668129 -6.99264669]
18:09:48.261277,261277,81.56917485441603,81.3459068630784,[15.83182526 15.39134693 -9.28142166],[15.01647949 15.22325897 -7.08096027],[15.6667347  16.91256905 -6.99504757]
18:09:48.266326,266326,81.23323971098166,66.53498582578122,[15.83028126 15.40705204 -9.27574825],[15.01341152 15.22746658 -7.08279657],[15.66831398 16.9096508  -6.99589205]
18:09:48.270311,270311,81.01649248834687,54.3907710501365,[15.83099174 15.41407681 -9.27496624],[15.01269245 15.23017883 -7.082654  ],[15.66901684 16.90899467 -6.99854183]
18:09:48.274301,274301,81.0841314221054,16.952113723942503,[15.82600212 15.41929245 -9.28668785],[15.00586033 15.23863316 -7.08629227],[15.65796852 16.91550636 -7.00433588]
18:09:48.278302,278302,80.95967798815695,31.105582091588598,[15.82102203 15.43726254 -9.27995586],[14.99509048 15.24875832 -7.09184647],[15.65758324 16.91771698 -7.00094414]
18:09:48.282301,282301,80.73338386110726,56.587678682095046,[15.82434368 15.44190407 -9.2784462 ],[14.99700832 15.25264359 -7.0817771 ],[15.65530777 16.91904259 -6.99989319]
18:09:48.286304,286304,80.15063864410266,145.57712141009247,[15.82544708 15.46775818 -9.26233959],[14.99740887 15.25309849 -7.08655643],[15.65377712 16.91974831 -7.00193644]
18:09:48.291275,291275,80.18104739212087,6.117229534946204,[15.83421993 15.47009373 -9.25528526],[14.99987698 15.25007248 -7.09186268],[15.65415668 16.91996956 -6.99942636]
18:09:48.295277,295277,80.3727022651307,47.88977336577316,[15.83798885 15.47014618 -9.26352024],[14.99852371 15.25356865 -7.09592199],[15.65636158 16.91839981 -6.99772549]
18:09:48.299302,299302,80.10951978414549,65.38695179756714,[15.83044243 15.48288727 -9.26773643],[14.99123669 15.26755428 -7.08260775],[15.65709496 16.92010117 -6.99364614]
18:09:48.303301,303301,80.09196480373176,4.389842564074696,[15.82869625 15.48988342 -9.2737608 ],[14.99155998 15.26490211 -7.08947134],[15.65608215 16.92131805 -6.99503708]
18:09:48.307313,307313,79.94467833403198,36.71148297601667,[15.82598591 15.50066948 -9.26920319],[14.98682404 15.26830578 -7.09510565],[15.65419102 16.92288589 -6.99674177]
18:09:48.312278,312278,79.66274860756246,56.78342929899572,[15.83727074 15.50805187 -9.26105785],[14.98596859 15.27344894 -7.09529066],[15.65296364 16.92353821 -6.99976301]
18:09:48.316317,316317,79.32544051061035,83.51277468485121,[15.83297348 15.51969337 -9.26413727],[14.99068069 15.27271461 -7.09115362],[15.65184689 16.92346191 -7.00292683]
18:09:48.320313,320313,78.98659908512602,84.79515152260575,[15.83302021 15.53678703 -9.25879574],[14.98992634 15.27734852 -7.08835936],[15.64878464 16.92669296 -7.00196171]
18:09:48.324275,324275,78.8381042444891,37.479767954799144,[15.82739449 15.55234241 -9.25893497],[14.98701    15.2830925  -7.08555317],[15.64815521 16.93144035 -6.99722004]
18:09:48.328276,328276,78.59269658566485,61.336580560921924,[15.83302975 15.55623245 -9.25804329],[14.98199368 15.29060459 -7.08516026],[15.64889526 16.92844582 -7.00221109]
18:09:48.332311,332311,78.46441716851206,31.791677113456448,[15.83229828 15.5660696  -9.25904465],[14.98046112 15.29327202 -7.08972025],[15.64042473 16.93507385 -7.00727797]
18:09:48.336320,336320,78.12919074571674,83.61846415448133,[15.83930683 15.57142448 -9.25492764],[14.98502827 15.29325771 -7.08644772],[15.63717175 16.93764687 -7.01282263]
18:09:48.341275,341275,78.03227864999292,19.55844515112476,[15.84145069 15.58638477 -9.24353695],[14.98226929 15.29821301 -7.0867548 ],[15.6405468  16.93933678 -7.0034008 ]
18:09:48.345276,345276,77.74195434383319,72.56293580598157,[15.83799171 15.6014576  -9.24556065],[14.97651863 15.30519199 -7.0894804 ],[15.63943481 16.93989563 -7.00701284]
18:09:48.349311,349311,77.33047754627489,101.97690150143582,[15.84107494 15.62464809 -9.2278614 ],[14.96813679 15.313941   -7.09574223],[15.63206482 16.94590759 -7.00795126]
18:09:48.353276,353276,77.6795951590555,88.04983928892884,[15.84632683 15.6243639  -9.23094082],[14.95960808 15.32876396 -7.09335423],[15.6281805  16.95362091 -7.00107002]
18:09:48.357318,357318,77.54408996629428,33.52429311262128,[15.84150219 15.6397171  -9.23080826],[14.96467781 15.332654   -7.08554745],[15.62817383 16.95885849 -6.99496222]
18:09:48.361335,361335,77.60788575457771,15.881450904512965,[15.85371017 15.64123249 -9.22895813],[14.96127796 15.3365345  -7.09301519],[15.63027859 16.95800591 -6.99431658]
18:09:48.366335,366335,77.69948378997658,18.31960707977487,[15.85117626 15.64971828 -9.22975922],[14.95656109 15.34562206 -7.09196711],[15.63352489 16.95934868 -6.98745537]
18:09:48.370276,370276,77.50175501795066,50.17223344986692,[15.85794067 15.65650368 -9.2258215 ],[14.96232033 15.34440613 -7.09142876],[15.63428116 16.9586792  -6.98822069]
18:09:48.374325,374325,77.39169692622316,27.18154895714877,[15.85944176 15.66707039 -9.22402763],[14.95931911 15.34661102 -7.09445095],[15.63255215 16.96112633 -6.98624516]
18:09:48.378312,378312,77.37324062326245,4.629120381418301,[15.8586235  15.6752224  -9.22715664],[14.95595551 15.35300827 -7.09596109],[15.63050842 16.96621132 -6.98628616]
18:09:48.382310,382310,76.65385141927662,179.9372696312724,[15.86030674 15.69535351 -9.20965862],[14.96062088 15.35046387 -7.09681749],[15.63050365 16.96455383 -6.99225283]
18:09:48.387275,387275,76.7631610004496,22.016028433631345,[15.85358715 15.70663166 -9.21835232],[14.95488262 15.3591795  -7.10014105],[15.62482834 16.97167587 -6.99149466]
18:09:48.391277,391277,76.35990228338066,100.76429711867485,[15.85327625 15.72495937 -9.20807076],[14.95565224 15.36340237 -7.0957489 ],[15.62913799 16.9715786  -6.9874115 ]
18:09:48.395280,395280,76.01676286592806,85.72056394019606,[15.85641861 15.72891235 -9.21157551],[14.95509434 15.37041378 -7.08901405],[15.62363434 16.97332954 -6.99645901]
18:09:48.399312,399312,75.59640639782702,104.25507641394678,[15.85903358 15.74665356 -9.19734287],[14.95260239 15.37858772 -7.08657122],[15.62149048 16.9766674  -6.99628592]
18:09:48.403311,403311,75.67127543621362,18.721940081669135,[15.85823345 15.75196171 -9.20469475],[14.95984364 15.3748703  -7.09068966],[15.61931324 16.98165131 -6.99779749]
18:09:48.407312,407312,75.59631424538624,18.735613803394305,[15.85813808 15.75700092 -9.20433044],[14.94841099 15.38550282 -7.09497404],[15.61563587 16.98492813 -7.0017848 ]
18:09:48.411313,411313,75.65229472731534,13.991622576630201,[15.85696983 15.76558781 -9.20740414],[14.95109081 15.3876915  -7.09137011],[15.62535    16.98303604 -6.99171305]
18:09:48.416277,416277,75.24740864923027,81.56447987209313,[15.8672142  15.77180099 -9.19415283],[14.94899082 15.39514542 -7.08663034],[15.62508678 16.98459244 -6.99485493]
18:09:48.420276,420276,75.25672993926811,2.330905235770467,[15.86600304 15.77891254 -9.19892311],[14.94751549 15.40148926 -7.08519363],[15.62601089 16.98879051 -6.99300003]
18:09:48.424301,424301,75.3899502386851,33.098211035277124,[15.86654091 15.78915405 -9.19562721],[14.94943905 15.40338421 -7.08905315],[15.62847805 16.99192047 -6.98531818]
18:09:48.428306,428306,75.24675962572623,35.752962037172374,[15.87294388 15.79293919 -9.19418335],[14.94624996 15.41121292 -7.08550262],[15.62264633 16.9962616  -6.98799801]
18:09:48.432277,432277,75.70363732960466,115.05356431086209,[15.86226177 15.80469227 -9.20129871],[14.94804859 15.41112518 -7.08779383],[15.61689854 17.00881577 -6.97473145]
18:09:48.436301,436301,75.426018916319,68.99065936522506,[15.86075974 15.81482697 -9.20162868],[14.9499712  15.41334438 -7.08575916],[15.61466312 17.01100159 -6.97860384]
18:09:48.441275,441275,75.75371255781425,65.88131111685941,[15.86503315 15.81388283 -9.20469856],[14.94324112 15.41947079 -7.09220886],[15.61655998 17.0151577  -6.97337055]
18:09:48.445311,445311,75.52607181431586,56.40256280931567,[15.86775398 15.83092022 -9.18898773],[14.9438858  15.42305183 -7.09225225],[15.61432934 17.0237484  -6.96813726]
18:09:48.449276,449276,75.40027440705273,31.726962739753187,[15.87013817 15.83125782 -9.1941576 ],[14.93518829 15.4337883  -7.09296322],[15.6061964  17.02809143 -6.97817183]
18:09:48.453275,453275,75.36519909294219,8.771021282956458,[15.87179947 15.84159088 -9.18601322],[14.94031811 15.43672276 -7.09205914],[15.61235046 17.02646828 -6.97157574]
18:09:48.457310,457310,75.07593731410854,71.68817319297348,[15.87131023 15.85713577 -9.17575359],[14.93468285 15.43746853 -7.10604334],[15.60812759 17.02939415 -6.97676849]
18:09:48.461313,461313,74.7500515738229,81.4103772884442,[15.86071587 15.87552643 -9.17637348],[14.94026566 15.43722916 -7.10330486],[15.61034584 17.03056908 -6.9769206 ]
18:09:48.466277,466277,74.92607638533397,35.46027629151287,[15.87283516 15.87041283 -9.17545795],[14.94210815 15.442523   -7.09649229],[15.60835075 17.03760147 -6.97238302]
18:09:48.470299,470299,74.84292517913988,20.674094031349686,[15.88087559 15.87432194 -9.16919708],[14.93557167 15.45243359 -7.09145641],[15.60651875 17.04332733 -6.96880722]
18:09:48.474315,474315,74.47432158741653,91.78376287932191,[15.87482548 15.88407707 -9.17066956],[14.9359026  15.45569897 -7.09238625],[15.60605526 17.04206848 -6.97843075]
18:09:48.478314,478314,74.33471870035778,34.909449126967466,[15.87412262 15.88469791 -9.18019676],[14.93753815 15.46037388 -7.08802319],[15.60217381 17.04458618 -6.98696327]
18:09:48.482302,482302,74.34297228902143,2.069605983863898,[15.8682518  15.89035988 -9.18314266],[14.92895508 15.46890736 -7.08837795],[15.60604477 17.04331207 -6.98432493]
18:09:48.487277,487277,74.35355778842539,2.1277385736600842,[15.86826038 15.89802361 -9.17730045],[14.92946053 15.47109509 -7.09044266],[15.60052776 17.04913139 -6.98261452]
18:09:48.491275,491275,74.40477068458138,12.809628853423742,[15.86380577 15.90446472 -9.17936134],[14.92743111 15.4792757  -7.08401775],[15.59915257 17.05477715 -6.9780302 ]
18:09:48.495276,495276,74.5655588937943,40.18700555184316,[15.86325264 15.90708733 -9.1800108 ],[14.92704964 15.481143   -7.08701706],[15.5981102  17.05869484 -6.97524595]
18:09:48.499303,499303,74.48722891901699,19.451198107106656,[15.86717415 15.91471577 -9.170331  ],[14.92935944 15.48069668 -7.08733368],[15.59862995 17.06413078 -6.97050619]
18:09:48.503302,503302,74.68283695666582,48.914237971702605,[15.86646175 15.92078781 -9.17098999],[14.93336868 15.48151302 -7.086133  ],[15.60362053 17.06526184 -6.9606452 ]
18:09:48.507276,507276,74.78042598245018,24.55687614100624,[15.86891937 15.91645908 -9.17663097],[14.93551159 15.47870731 -7.09003258],[15.60664368 17.06464386 -6.96272469]
18:09:48.511277,511277,74.52617386666026,63.54714216194063,[15.86488628 15.92469788 -9.17481518],[14.93399239 15.48287106 -7.08825493],[15.6038065  17.06906128 -6.96715689]
18:09:48.516313,516313,74.52579641736163,0.07495021815434182,[15.86338234 15.93001366 -9.17115879],[14.92742252 15.49083519 -7.08978081],[15.60577583 17.07036018 -6.96491146]
18:09:48.520310,520310,74.65168136740763,31.494858655491672,[15.86731052 15.92651653 -9.17490292],[14.93251038 15.49177647 -7.08583117],[15.60471439 17.07310486 -6.96439552]
18:09:48.524312,524312,74.57454825848566,19.273640410287356,[15.8613081  15.93452549 -9.17316628],[14.93367863 15.49185181 -7.08925104],[15.60627747 17.07388115 -6.96496058]
18:09:48.528314,528314,74.41896094657947,38.87738928190619,[15.86270046 15.93660736 -9.16947174],[14.93511486 15.48878765 -7.0945034 ],[15.60219955 17.0762825  -6.97136974]
18:09:48.532312,532312,74.68016224617382,65.33299139428398,[15.86344337 15.93543911 -9.17272472],[14.93311214 15.49338531 -7.0945673 ],[15.60438538 17.07724762 -6.96582842]
18:09:48.536312,536312,74.67009347738036,2.5171921983648815,[15.86518288 15.93252277 -9.17690086],[14.9320879  15.49667168 -7.08974838],[15.60396194 17.07932472 -6.96705103]
18:09:48.541277,541277,74.49417054886638,35.43261400080239,[15.86739254 15.93551826 -9.17152214],[14.93425941 15.4974308  -7.08639431],[15.5995388  17.08312035 -6.96952009]
18:09:48.545312,545312,74.5234948007912,7.2674725959899815,[15.865839   15.93386078 -9.17457104],[14.9323082  15.50170517 -7.08360147],[15.6018877  17.08153915 -6.96955252]
18:09:48.549277,549277,74.52946151615808,1.5048462463760917,[15.86519527 15.9336977  -9.1745472 ],[14.93273067 15.50171757 -7.08355236],[15.60562325 17.08151627 -6.96861267]
18:09:48.553312,553312,74.60514143232662,18.755865221447163,[15.86557388 15.9320631  -9.17449188],[14.93218422 15.50431061 -7.08216095],[15.59853458 17.08741188 -6.97025061]
18:09:48.557300,557300,74.78387961666277,44.81900309331856,[15.86702156 15.92963505 -9.1751852 ],[14.93311787 15.50151253 -7.08722973],[15.59943581 17.08816528 -6.96844149]
18:09:48.561303,561303,74.73417575778444,12.416652230409987,[15.86672592 15.9289732  -9.17482853],[14.93578053 15.50086117 -7.08601952],[15.59690952 17.09045601 -6.97158051]
18:09:48.566276,566276,74.77711786365681,8.635050446887284,[15.86436081 15.93165779 -9.17302418],[14.93182945 15.50529099 -7.08751965],[15.59662819 17.09401894 -6.97052431]
18:09:48.570276,570276,74.73531456912164,10.450823633792794,[15.86496162 15.93024158 -9.17176819],[14.93337345 15.50582123 -7.0836978 ],[15.59805679 17.09446335 -6.97028399]
18:09:48.574313,574313,74.83165463404,23.86427171621636,[15.86457062 15.92939281 -9.17058754],[14.93945408 15.50212765 -7.08071089],[15.60194969 17.09550476 -6.96514654]
18:09:48.578302,578302,74.94860600359756,29.31846817687505,[15.86526775 15.92598534 -9.17090893],[14.9426918  15.49987125 -7.0808115 ],[15.60939217 17.09111786 -6.96148348]
18:09:48.582277,582277,74.83409557297098,28.80765550354232,[15.86656857 15.92193794 -9.17022896],[14.94595242 15.49611092 -7.07930374],[15.6093502  17.09057999 -6.96573544]
18:09:48.586302,586302,74.86644450426108,8.037001562758197,[15.8640213  15.9134531  -9.17744637],[14.94907951 15.49104309 -7.08083057],[15.61104298 17.08810425 -6.97195578]
18:09:48.591276,591276,74.91613609062128,9.990266658664453,[15.86538219 15.91015625 -9.17291451],[14.94737339 15.49050426 -7.08471727],[15.61037445 17.08841324 -6.97320366]
18:09:48.595313,595313,75.13062451474643,53.130647541528454,[15.85962486 15.90712833 -9.1798439 ],[14.94494057 15.49399853 -7.08395147],[15.61199951 17.08909416 -6.97138739]
18:09:48.599302,599302,75.09117099006481,9.890580266136626,[15.85601807 15.9078064  -9.17756939],[14.95134926 15.48747158 -7.08394051],[15.61695957 17.08571053 -6.96992922]
18:09:48.603300,603300,75.23517210892784,36.018288860187795,[15.84907913 15.9042902  -9.18291473],[14.9535017  15.48622322 -7.08205748],[15.61645889 17.08708763 -6.96990728]
18:09:48.607301,607301,75.28864277253844,13.36432482144379,[15.84607887 15.89904308 -9.18447208],[14.95585918 15.48312664 -7.08248138],[15.61797428 17.08477592 -6.97197485]
18:09:48.611324,611324,75.53567178987686,61.40418029789212,[15.8539629  15.88730049 -9.18305683],[14.95112705 15.48710442 -7.0817318 ],[15.61725903 17.08683586 -6.97010231]
18:09:48.616303,616303,75.60010789375731,12.941575392740166,[15.85613346 15.88087559 -9.17814064],[14.95094299 15.4852066  -7.08277607],[15.6175375  17.08672714 -6.97033739]
18:09:48.620276,620276,75.78107845719215,45.55010406112268,[15.85424519 15.87182045 -9.18158913],[14.95253468 15.4828949  -7.08139753],[15.61597633 17.08781242 -6.97118425]
18:09:48.624302,624302,75.86638937354864,21.189994127295307,[15.8468399  15.86752129 -9.18745041],[14.95348358 15.48070145 -7.08059311],[15.61875916 17.08454704 -6.97200918]
18:09:48.628277,628277,76.261395096048,99.37250880487115,[15.84865856 15.8552742  -9.19234085],[14.95408535 15.47655392 -7.08356762],[15.61769009 17.085989   -6.96920061]
18:09:48.632306,632306,76.61527488619215,87.83315714672337,[15.85118198 15.83350563 -9.20170689],[14.95959854 15.46897697 -7.0821476 ],[15.61891365 17.08273315 -6.97142076]
18:09:48.636305,636305,76.86534747560482,62.53378079836644,[15.85034847 15.8202095  -9.20854568],[14.96695328 15.46405315 -7.07865524],[15.62457848 17.07778931 -6.97066355]
18:09:48.641332,641332,76.97616816748254,22.04509486328226,[15.8505764  15.81438541 -9.20631504],[14.96774483 15.46494389 -7.06949186],[15.62839222 17.07805443 -6.96340704]
18:09:48.644925,644925,77.02852110872679,14.570815820832559,[15.846138   15.80689144 -9.20488167],[14.96637249 15.45966816 -7.07535601],[15.62955475 17.07528114 -6.96770191]
18:09:48.648899,648899,76.82994680135734,49.968371255524666,[15.84531498 15.80396271 -9.20079517],[14.96462631 15.45749474 -7.07617331],[15.62749577 17.07286644 -6.97423744]
18:09:48.653899,653899,76.88290258663714,10.591157055961276,[15.84980202 15.79791832 -9.19309711],[14.96366882 15.45406342 -7.07792807],[15.63211632 17.07066917 -6.97113705]
18:09:48.657899,657899,76.5006761914364,95.55659880018652,[15.84551525 15.79781342 -9.18449783],[14.96817875 15.44900513 -7.0724287 ],[15.63915348 17.06266022 -6.9747653 ]
18:09:48.661924,661924,76.52694292639681,6.525896884575344,[15.84714794 15.78580475 -9.19089603],[14.96864033 15.44498062 -7.0772686 ],[15.63804817 17.05812073 -6.98506212]
18:09:48.665898,665898,77.11328259487095,147.5439528118115,[15.84203243 15.76858997 -9.20689297],[14.97152805 15.44015789 -7.07420731],[15.63570213 17.06007195 -6.98026371]
18:09:48.669899,669899,77.60851976316258,123.7783474860344,[15.84325504 15.74875355 -9.2174387 ],[14.96914577 15.43929958 -7.07589293],[15.63982677 17.05581284 -6.97844267]
18:09:48.673926,673926,77.58896291842736,4.856430279418953,[15.84583473 15.74105835 -9.21133518],[14.97489548 15.43460178 -7.06256914],[15.64471245 17.05291939 -6.9705472 ]
18:09:48.677898,677898,77.68345601945164,23.789803883253775,[15.84957886 15.7276125  -9.20775032],[14.9849577  15.42044544 -7.06394291],[15.64600945 17.04990196 -6.97242594]
18:09:48.682925,682925,78.10170876120665,83.20126153869343,[15.84689236 15.71645641 -9.21016884],[14.99289608 15.40614605 -7.06907654],[15.64676476 17.05043983 -6.96695137]
18:09:48.686899,686899,78.52224125970552,105.82096087037546,[15.8548708  15.69092751 -9.22130394],[14.99188709 15.40206814 -7.0729084 ],[15.65326405 17.0427742  -6.96958017]
18:09:48.690932,690932,78.40964983740136,27.91753590482601,[15.83736706 15.69656372 -9.22330856],[14.99244595 15.40343761 -7.06645679],[15.65625858 17.03811836 -6.96858454]
18:09:48.694939,694939,78.67312525248306,65.75378464729229,[15.84489155 15.68423748 -9.21819782],[14.99662304 15.39590836 -7.06675386],[15.65551186 17.04052734 -6.96413183]
18:09:48.698925,698925,78.56180941087098,27.92670386655357,[15.83863926 15.67837811 -9.21939754],[15.00605106 15.38599968 -7.05722809],[15.65715599 17.03605461 -6.96385145]
18:09:48.703898,703898,78.29807845970436,53.03256609021148,[15.84164906 15.67034149 -9.21304226],[15.00171947 15.38329983 -7.06068182],[15.65764999 17.03077698 -6.97449732]
18:09:48.707897,707897,78.81907722308436,130.2822614103543,[15.84734058 15.65536404 -9.21099663],[14.99985409 15.37700081 -7.06931162],[15.65341091 17.03454399 -6.97009754]
18:09:48.711923,711923,79.01955167192735,49.794945067804804,[15.83999062 15.64463329 -9.22304535],[15.00667286 15.37000847 -7.06412315],[15.6540041  17.03238678 -6.97009754]
18:09:48.715947,715947,78.94734675995912,17.94356659250204,[15.83672428 15.63708115 -9.22359562],[15.00923157 15.36400986 -7.06335449],[15.65818024 17.02514458 -6.97391796]
18:09:48.719939,719939,79.13030481244083,45.831175471369974,[15.84989643 15.61354733 -9.22396469],[15.01575947 15.35735035 -7.0549655 ],[15.66177368 17.01950645 -6.97305632]
18:09:48.723923,723923,79.69568004689454,141.91145443115238,[15.85489178 15.58779716 -9.23023605],[15.01811123 15.35219574 -7.05281353],[15.66574001 17.01483345 -6.96808624]
18:09:48.728900,728900,80.07559128987445,76.33338215389094,[15.84123802 15.58242035 -9.24143982],[15.01926804 15.34779739 -7.05327463],[15.66842556 17.01156235 -6.96191406]
18:09:48.732900,732900,80.09279453504998,4.300811293880713,[15.84074211 15.57513237 -9.23934746],[15.02350807 15.34284019 -7.04573011],[15.67379379 17.00901031 -6.95743322]
18:09:48.736899,736899,80.31073660372752,54.499141954874815,[15.8404808  15.55541515 -9.24664783],[15.02061272 15.33234882 -7.06004953],[15.68081379 16.99497604 -6.9663496 ]
18:09:48.740923,740923,80.21700200594374,23.29388612916982,[15.83390141 15.5532732  -9.24605465],[15.02201176 15.33077908 -7.0560236 ],[15.68016624 16.99139595 -6.96888161]
18:09:48.744935,744935,80.76576900772987,136.78140622784943,[15.84365177 15.53087711 -9.2514658 ],[15.02501965 15.32415295 -7.05529261],[15.68191433 16.99302673 -6.96210051]
18:09:48.748899,748899,80.93019416731279,41.47960635290589,[15.84020233 15.52762032 -9.24452114],[15.0304718  15.31567669 -7.05823326],[15.67312622 16.99701691 -6.96148777]
18:09:48.753897,753897,80.89919834968484,6.201644183264039,[15.84648705 15.51447678 -9.24678135],[15.02910805 15.31525898 -7.04758596],[15.67605686 16.99505424 -6.96016884]
18:09:48.757898,757898,81.18964212801751,72.59279638407217,[15.84784031 15.50057888 -9.24329376],[15.0259161  15.31227493 -7.05146313],[15.68091679 16.99177361 -6.9577899 ]
18:09:48.761900,761900,81.35064057072587,40.22949592912586,[15.8471241  15.48170662 -9.25246525],[15.02996159 15.30508137 -7.05171776],[15.68172169 16.98424721 -6.96504974]
18:09:48.765935,765935,81.3967911079108,11.437555683997138,[15.84502316 15.48279667 -9.24165535],[15.03327942 15.30163288 -7.04330826],[15.68608665 16.97953987 -6.95230865]
18:09:48.769897,769897,81.40383533446668,1.7779471367684945,[15.84349155 15.47272491 -9.24512196],[15.0393858  15.29654312 -7.03306293],[15.69023323 16.97530937 -6.95022202]
18:09:48.773933,773933,81.43068728299399,6.653109149481883,[15.84259892 15.46439838 -9.24257469],[15.04507351 15.2897644  -7.03408146],[15.69113922 16.97018623 -6.95418406]
18:09:48.778898,778898,81.69242420450223,52.71639909531617,[15.84431839 15.45278358 -9.24535751],[15.04109287 15.28231621 -7.04546785],[15.69289398 16.96600723 -6.95580101]
18:09:48.782934,782934,81.79373046683625,25.10065964668494,[15.85689259 15.42200375 -9.24982929],[15.03773689 15.28017807 -7.043118  ],[15.70187092 16.95343208 -6.96390057]
18:09:48.786899,786899,82.06393108131833,68.14643492612322,[15.8469677  15.4240036  -9.24825096],[15.04449844 15.26974297 -7.04418945],[15.70529556 16.95145988 -6.95231056]
18:09:48.790900,790900,82.33610404408385,68.02623413284769,[15.84397316 15.41800785 -9.24928474],[15.04335499 15.26951408 -7.04056692],[15.70335293 16.95274353 -6.9455018 ]
18:09:48.794927,794927,82.55643043852609,54.712290648681126,[15.83887386 15.41061401 -9.25413418],[15.04726887 15.26310539 -7.03865576],[15.70405865 16.95252037 -6.94170475]
18:09:48.798922,798922,82.51466913407765,10.453392853177125,[15.84094143 15.40963936 -9.24548626],[15.04905319 15.2587738  -7.03749943],[15.69385338 16.95749664 -6.94250393]
18:09:48.802923,802923,82.38551963103018,32.27930593538417,[15.84401894 15.39706516 -9.245471  ],[15.05457306 15.25669861 -7.02181959],[15.69586277 16.95302773 -6.94275713]
18:09:48.807898,807898,82.46325806267525,15.625815406044934,[15.84782505 15.38344765 -9.24731827],[15.05426502 15.25164413 -7.02156448],[15.69817257 16.94860649 -6.9448576 ]
18:09:48.811899,811899,82.66346045831736,50.038089388180055,[15.84190845 15.38411617 -9.24171543],[15.05974293 15.24131393 -7.02502775],[15.69738293 16.94962502 -6.93763924]
18:09:48.815925,815925,82.67681944720539,3.318179058129519,[15.84034538 15.37264442 -9.25393867],[15.05700397 15.23758125 -7.02746868],[15.6931076  16.94746208 -6.94710255]
18:09:48.819924,819924,83.01697444655207,85.06001484038013,[15.84979725 15.35039806 -9.25725079],[15.0647316  15.2305336  -7.01949644],[15.69237614 16.947649   -6.94337893]
18:09:48.823924,823924,83.0136827825338,0.8229160045658546,[15.85342884 15.34672832 -9.24578476],[15.06586933 15.22540379 -7.02366829],[15.69588089 16.94170952 -6.94314575]
18:09:48.828900,828900,82.7847021417528,46.01700980325629,[15.85736275 15.34496593 -9.2366581 ],[15.06444263 15.2263155  -7.02210665],[15.69745159 16.9365387  -6.94762182]
18:09:48.832923,832923,82.99121362081982,51.332706703211024,[15.85601997 15.33962822 -9.23738289],[15.06320572 15.22341347 -7.02527332],[15.70106983 16.93288422 -6.94388819]
18:09:48.836923,836923,83.01189868761068,5.171266697715282,[15.85600662 15.33259296 -9.2401638 ],[15.06055546 15.22434711 -7.02262926],[15.70066738 16.93145752 -6.94579506]
18:09:48.840929,840929,83.20904158011288,49.21190526764843,[15.85659885 15.32282066 -9.24198818],[15.05898094 15.22288227 -7.02059603],[15.69827175 16.93225479 -6.94384766]
18:09:48.844899,844899,83.04765811508639,40.65074685805772,[15.85198402 15.32108784 -9.24717903],[15.07511044 15.20720959 -7.01406384],[15.69836426 16.92996407 -6.94462156]
18:09:48.848924,848924,83.13867207267988,22.612163377264395,[15.84714413 15.3226366  -9.24433517],[15.07438183 15.20552254 -7.01977396],[15.69952202 16.92925644 -6.94424391]
18:09:48.853897,853897,83.43004359400341,58.59069401237209,[15.85745239 15.30727196 -9.24824524],[15.0745182  15.19993782 -7.02627611],[15.70808506 16.91968155 -6.94275188]
18:09:48.857898,857898,83.48752095661494,14.365749215580081,[15.85934448 15.30012989 -9.24675751],[15.07342434 15.20084286 -7.02015924],[15.7072506  16.91837692 -6.94045305]
18:09:48.861935,861935,83.38399910220733,25.643263415312685,[15.86200809 15.29387569 -9.24371624],[15.07278061 15.1995039  -7.01963902],[15.70843887 16.91208839 -6.94509459]
18:09:48.865955,865955,83.21969146284968,40.8725471038918,[15.85587978 15.29497242 -9.24307823],[15.07111931 15.19987106 -7.0177002 ],[15.70608425 16.91012955 -6.9494276 ]
18:09:48.869924,869924,83.60755827308938,97.72406405636181,[15.85987377 15.28453445 -9.24891186],[15.07112122 15.19681168 -7.01754236],[15.71154118 16.90901947 -6.94006729]
18:09:48.873899,873899,83.86892139742531,65.75172939268663,[15.8613472  15.27712727 -9.25232506],[15.07361221 15.19298267 -7.02022362],[15.71254826 16.90849304 -6.93774271]
18:09:48.878898,878898,83.92362989915696,10.943889124155493,[15.866889   15.26562119 -9.25352097],[15.07420921 15.18955994 -7.02063704],[15.71082497 16.90645027 -6.94213009]
18:09:48.882922,882922,83.84407936361453,19.769019767007503,[15.86395359 15.27386189 -9.24686527],[15.0725832  15.18988037 -7.02221918],[15.71866608 16.9025135  -6.93643332]
18:09:48.886927,886927,83.52154267382468,80.53350556550375,[15.86551857 15.27572441 -9.24164295],[15.07594681 15.18502998 -7.02019167],[15.72067547 16.89780617 -6.94062281]
18:09:48.890899,890899,83.84542808332445,81.5421474067891,[15.86724186 15.27228355 -9.23581409],[15.07537556 15.18373203 -7.02315807],[15.72228432 16.89750481 -6.93204975]
18:09:48.894897,894897,83.70870588642381,34.19764804918338,[15.86688137 15.27253342 -9.23545837],[15.08051109 15.18205547 -7.01907682],[15.72918129 16.88959885 -6.93201208]
18:09:48.898923,898923,83.95528191465182,61.24590865077145,[15.85501385 15.2716198  -9.25119019],[15.07798672 15.1840992  -7.0160017 ],[15.72321892 16.8947773  -6.92891693]
18:09:48.902927,902927,83.78536195556136,42.43755222039563,[15.85588074 15.27412891 -9.24752712],[15.07756329 15.18422031 -7.01401997],[15.71934509 16.89670372 -6.93145514]
18:09:48.907900,907900,83.72000704903057,13.141947824408945,[15.85888672 15.26727009 -9.25017357],[15.07573223 15.18291187 -7.01818085],[15.72027588 16.89171028 -6.93948889]
18:09:48.911926,911926,83.71887272950475,0.28174851609979457,[15.8578949  15.2704916  -9.24911118],[15.07840919 15.18031406 -7.01796722],[15.71918774 16.89248466 -6.93712759]
18:09:48.915924,915924,83.52580872503448,48.29014619066351,[15.86674976 15.26832581 -9.24248314],[15.0752964  15.18359566 -7.01738501],[15.72124767 16.88902855 -6.94126225]
18:09:48.919926,919926,83.39255121215771,33.29772935451455,[15.86448956 15.27169132 -9.24159622],[15.07696056 15.18217564 -7.01673651],[15.7189045  16.88837624 -6.9437151 ]
18:09:48.923913,923913,83.2095788584733,45.8922381952395,[15.86665249 15.27534866 -9.23658085],[15.07673454 15.18344021 -7.01340532],[15.71277046 16.89243317 -6.94590759]
18:09:48.927899,927899,83.28942187369115,20.030861820838204,[15.87074661 15.27291107 -9.23505306],[15.07772923 15.18320656 -7.01147413],[15.71460056 16.8932972  -6.94207287]
18:09:48.932899,932899,83.24962089665044,7.960195408142567,[15.8728323  15.27407742 -9.23293877],[15.07601643 15.18470383 -7.01259279],[15.71366787 16.89290237 -6.94303417]
18:09:48.936925,936925,83.27779285857125,6.99750668673739,[15.87418747 15.27349567 -9.23397255],[15.07485104 15.18708038 -7.01004028],[15.71567535 16.89116287 -6.94027233]
18:09:48.940923,940923,83.32196684762712,11.0490217748569,[15.87321663 15.27495766 -9.2370224 ],[15.0731926  15.18796539 -7.01170921],[15.71849823 16.89086342 -6.93852043]
18:09:48.944923,944923,83.34852657190417,6.639931069262417,[15.86945629 15.27836704 -9.24036598],[15.07725239 15.18409443 -7.01260614],[15.71688747 16.89278412 -6.93750334]
18:09:48.948923,948923,83.23251838544762,29.00204661413852,[15.86903763 15.28258324 -9.23871994],[15.07754612 15.18293095 -7.0147047 ],[15.71743298 16.89121437 -6.93900633]
18:09:48.952945,952945,83.189791516096,10.623289247047586,[15.86746788 15.28525543 -9.24185848],[15.0775156  15.18443871 -7.01339531],[15.71568203 16.89122772 -6.9396081 ]
18:09:48.957898,957898,82.92207714127288,54.05095393157976,[15.86639118 15.29438496 -9.23814201],[15.07547665 15.18554306 -7.01476097],[15.71600533 16.89021873 -6.94206333]
18:09:48.961898,961898,82.77964552138332,35.60790497239097,[15.87568092 15.29914761 -9.22834873],[15.07549    15.18596458 -7.01333904],[15.71645546 16.89156914 -6.93861055]
18:09:48.965925,965925,82.51100133390631,66.71074931140011,[15.87789059 15.31265736 -9.21627331],[15.07597637 15.18704987 -7.01278114],[15.71512985 16.89382362 -6.93624926]
18:09:48.969927,969927,82.21555119010216,73.8256231394668,[15.87040043 15.32519054 -9.21833801],[15.07601833 15.18838692 -7.01317072],[15.71301174 16.89382362 -6.94064951]
18:09:48.973898,973898,82.2231249550131,1.907268927460134,[15.87184906 15.33074284 -9.21890068],[15.07696533 15.19070053 -7.00914907],[15.71515465 16.89547729 -6.93399954]
18:09:48.978897,978897,82.42462638408479,40.30834748383346,[15.8732357  15.33068943 -9.22423553],[15.07208347 15.19553566 -7.01135445],[15.7157793  16.89625549 -6.93006802]
18:09:48.982927,982927,82.34487144214312,19.790308174112294,[15.87318707 15.33743191 -9.22455597],[15.06534481 15.20274448 -7.01509953],[15.7154274  16.89591789 -6.93212938]
18:09:48.986899,986899,82.06228946250408,71.14349940559754,[15.88042068 15.34475327 -9.21405125],[15.07161808 15.20457554 -7.00754118],[15.71276093 16.89770699 -6.93195581]
18:09:48.990947,990947,81.86535761140861,48.649172701450276,[15.87593746 15.35241985 -9.2185545 ],[15.07092571 15.20595646 -7.00936794],[15.71107769 16.89693832 -6.93704128]
18:09:48.994898,994898,81.71984275910718,36.829879094262616,[15.88220692 15.36108494 -9.21072674],[15.06589794 15.21397209 -7.00888014],[15.71207333 16.89866638 -6.93467236]
18:09:48.998924,998924,81.82100280210585,25.126687282332693,[15.87815857 15.36932182 -9.21517944],[15.0596323  15.22003937 -7.0133338 ],[15.70986271 16.90211678 -6.93211508]
18:09:49.003898,003898,81.49878050200311,0.3238330456719094,[15.87494755 15.38780308 -9.2087431 ],[15.05557346 15.22545528 -7.01082802],[15.69891357 16.91179085 -6.93214035]
18:09:49.007898,007898,81.46986865635128,7.22796141295845,[15.87406635 15.39513111 -9.21213531],[15.0529089  15.22701359 -7.01879597],[15.69969654 16.90984726 -6.93425131]
18:09:49.011899,011899,81.26795795117725,50.465060028500176,[15.87441158 15.40929985 -9.20376492],[15.04580975 15.23447323 -7.02340651],[15.69907284 16.91205406 -6.93419266]
18:09:49.015924,015924,81.15164738768388,28.897034408291038,[15.88044834 15.41139698 -9.20538044],[15.04951    15.23361874 -7.02107286],[15.69713783 16.91424942 -6.93552685]
18:09:49.019901,019901,80.95006427020745,50.68723094705344,[15.87571716 15.42803955 -9.20375061],[15.04237938 15.24186611 -7.02232409],[15.69940567 16.91446114 -6.93250656]
18:09:49.023901,023901,80.71133535535911,59.682228712084395,[15.8759737  15.43492603 -9.20367527],[15.03858948 15.24943829 -7.01710653],[15.69789219 16.91667175 -6.93436289]
18:09:49.028901,028901,80.57314362242764,27.638346586294915,[15.88292694 15.43973827 -9.19839668],[15.03901482 15.25155067 -7.01807976],[15.69783401 16.91805649 -6.93532133]
18:09:49.032935,032935,80.53218077280721,10.15440000506389,[15.87754917 15.45057487 -9.20201683],[15.04117966 15.25429535 -7.01673698],[15.69812012 16.91960526 -6.93249607]
18:09:49.036934,036934,80.11898754298923,103.3241384891167,[15.8749752  15.46550274 -9.2013731 ],[15.03571796 15.26542664 -7.00873899],[15.68526077 16.92866516 -6.93788528]
18:09:49.040935,040935,80.11955234951327,0.14116633942497894,[15.87948799 15.47732353 -9.19443893],[15.04047298 15.26630783 -7.00897884],[15.69024467 16.92993927 -6.92883539]
18:09:49.044898,044898,79.93458904279635,46.672547745880294,[15.88096046 15.48939705 -9.1876421 ],[15.03425884 15.27103615 -7.01552343],[15.68982315 16.93040085 -6.92969704]
18:09:49.048897,048897,79.87709051019934,14.378227706178793,[15.88071823 15.50159836 -9.18593216],[15.0326004  15.27104092 -7.02132463],[15.67922878 16.9383564  -6.9300561 ]
18:09:49.052924,052924,79.73456516466324,35.39243743136334,[15.88048649 15.51342964 -9.18226433],[15.02715397 15.27293777 -7.02894592],[15.66312695 16.94799805 -6.93561411]
18:09:49.057898,057898,79.90121912139875,33.50501743777963,[15.86775398 15.5359869  -9.18680859],[15.02551079 15.2741003  -7.03516054],[15.66226673 16.96165085 -6.92297983]
18:09:49.061923,061923,79.32870872543067,142.23860769393312,[15.86728954 15.55113316 -9.18150997],[15.02957153 15.28357983 -7.02112198],[15.67649078 16.95246315 -6.92198372]
18:09:49.065933,065933,79.21406645395487,28.589095131122633,[15.87329388 15.55714321 -9.17742729],[15.02694798 15.28949833 -7.01915646],[15.68368244 16.94901276 -6.91755533]
18:09:49.069907,069907,78.94299730782902,68.21065579412517,[15.87211132 15.56170368 -9.18297195],[15.01628494 15.30260181 -7.01977396],[15.67846012 16.94822693 -6.92928648]
18:09:49.073935,073935,78.80642147457971,33.90661202813061,[15.8744688  15.58191299 -9.1693964 ],[15.01157761 15.30800056 -7.02811766],[15.67680359 16.9525032  -6.9242034 ]
18:09:49.078898,078898,78.35851050549132,90.25004414434477,[15.87724495 15.5867157  -9.17070866],[15.01182079 15.31218147 -7.02273703],[15.67790794 16.94894981 -6.93279934]
18:09:49.082934,082934,78.25216607610199,26.348966647507016,[15.88212013 15.5957365  -9.17223835],[15.01378345 15.31158257 -7.02317619],[15.67847252 16.94991493 -6.92968988]
18:09:49.086899,086899,77.73998938280057,129.17444976075987,[15.88046837 15.6145277  -9.16599178],[15.01778507 15.31508636 -7.01482487],[15.67284584 16.9549408  -6.93167257]
18:09:49.090899,090899,77.74301286071015,0.7558694773948105,[15.87862492 15.62033939 -9.17043591],[15.01721191 15.32132816 -7.0109868 ],[15.67325115 16.95887947 -6.92950344]
18:09:49.094938,094938,77.221159424898,129.20362362271536,[15.86872578 15.65922642 -9.14746094],[15.0115633  15.32828045 -7.01770115],[15.67203045 16.96173286 -6.92311001]
18:09:49.098934,098934,76.84844149772931,93.27275454672011,[15.8735218  15.67049313 -9.13841629],[15.00961113 15.33694172 -7.01482248],[15.66696262 16.96575546 -6.92808628]
18:09:49.102933,102933,77.41687272833408,142.143343487065,[15.87704563 15.66057301 -9.1596384 ],[15.00474548 15.34154034 -7.02125406],[15.65634632 16.97619438 -6.93010187]
18:09:49.107898,107898,77.11164764868084,61.47534333398601,[15.87014008 15.67959118 -9.1586647 ],[15.00562096 15.34542942 -7.01988363],[15.64821911 16.98570251 -6.93263865]
18:09:49.111935,111935,76.26465944703806,209.80634174951388,[15.87845135 15.69487    -9.14102268],[15.00469112 15.35020065 -7.01781654],[15.65338326 16.97677422 -6.94189882]
18:09:49.115932,115932,76.60164320227916,84.30917068829298,[15.88366413 15.70077038 -9.13971996],[14.99082279 15.36198711 -7.0252099 ],[15.65924549 16.97729492 -6.92931271]
18:09:49.119932,119932,76.67810781694203,19.11615366571695,[15.87579346 15.71790123 -9.14027119],[14.98584175 15.37226295 -7.02625656],[15.66040802 16.97935867 -6.92098856]
18:09:49.123934,123934,76.43998427986381,59.50113370270453,[15.87326241 15.73094368 -9.13717651],[14.99159241 15.37245655 -7.01903343],[15.66125584 16.98295593 -6.916821  ]
18:09:49.128899,128899,76.64077812134764,40.4418613260482,[15.88207626 15.73460007 -9.13159943],[14.98485184 15.3772831  -7.03171301],[15.66274643 16.9827404  -6.91311359]
18:09:49.132899,132899,76.40513691641719,58.91030123261132,[15.88096523 15.7501297  -9.12812614],[14.98511219 15.38027477 -7.02955246],[15.65801334 16.98703384 -6.91118097]
18:09:49.136899,136899,76.0959601063235,77.29420252342223,[15.87066269 15.76657104 -9.13066578],[14.99250793 15.37941265 -7.02178097],[15.65624619 16.99129486 -6.91063166]
18:09:49.140933,140933,75.8218363618046,67.9533328009179,[15.87229919 15.77739143 -9.12790775],[14.98502064 15.39099693 -7.02038097],[15.65147114 16.99584389 -6.91479731]
18:09:49.144899,144899,76.09123113902699,67.92606586545334,[15.8652277  15.78652954 -9.13645267],[14.98709869 15.39121723 -7.02209663],[15.64696789 17.0036869  -6.90774775]
18:09:49.148933,148933,76.00569907023299,21.202793454138597,[15.86204529 15.79664993 -9.13833141],[14.98280334 15.39727592 -7.0213995 ],[15.64804649 17.00479317 -6.9052763 ]
18:09:49.152899,152899,75.64673115509052,90.51132504853047,[15.86464882 15.80787086 -9.13430119],[14.98143005 15.40364742 -7.01988602],[15.64568996 17.0057621  -6.9102211 ]
18:09:49.157898,157898,75.82623641401698,35.90823343197726,[15.87245655 15.81173992 -9.13195324],[14.97508049 15.40873814 -7.02541018],[15.63874531 17.01541138 -6.90620613]
18:09:49.161933,161933,75.75462370008806,17.747884492915542,[15.87234879 15.81791973 -9.13083935],[14.9679594  15.41908073 -7.0298667 ],[15.63603306 17.01679611 -6.91104031]
18:09:49.165935,165935,75.4076690801873,86.6953073215284,[15.8676424  15.82955551 -9.129035  ],[14.97045517 15.4217577  -7.02554655],[15.62831783 17.02231026 -6.91705704]
18:09:49.169934,169934,75.0604874126039,86.81712117614383,[15.87456036 15.83691406 -9.12388039],[14.96796227 15.42488194 -7.02922487],[15.61937141 17.02859116 -6.92679262]
18:09:49.173935,173935,75.03463088107502,6.4625172529086905,[15.86864948 15.85223484 -9.12032986],[14.96265411 15.43380547 -7.02943754],[15.62271118 17.02830696 -6.91914558]
18:09:49.178898,178898,74.81564458749887,44.12377464762262,[15.87498379 15.85929298 -9.11514854],[14.96092701 15.4365387  -7.03100681],[15.62796211 17.02677536 -6.91860723]
18:09:49.182922,182922,74.79332554477936,5.54648178914069,[15.87470722 15.87107658 -9.1133194 ],[14.95645237 15.44152927 -7.03205109],[15.62690926 17.03147888 -6.91274786]
18:09:49.186898,186898,74.43152568273294,90.99594115855756,[15.87090969 15.87848282 -9.11724472],[14.95489025 15.45231819 -7.02078009],[15.62376404 17.03372192 -6.91950655]
18:09:49.190927,190927,74.53906332638113,26.690901873463908,[15.86621952 15.88223457 -9.12503052],[14.95670605 15.45228004 -7.02434063],[15.61950493 17.03878403 -6.92177153]
18:09:49.194900,194900,74.48738513144211,13.00734833602191,[15.86573601 15.88577652 -9.12605   ],[14.95454597 15.45862675 -7.02338791],[15.62219906 17.03755379 -6.92247725]
18:09:49.198922,198922,74.74749983498539,64.67297452592746,[15.8656826  15.89116287 -9.12758255],[14.9514513  15.45609951 -7.03458786],[15.62125683 17.04152489 -6.91660881]
18:09:49.203897,203897,74.62383210648129,24.857834875196495,[15.86431885 15.89761734 -9.12657738],[14.94849491 15.46524906 -7.02947664],[15.61856747 17.04577446 -6.91755199]
18:09:49.207899,207899,74.43787155578525,46.466904221898496,[15.86444283 15.91116714 -9.11804485],[14.94613266 15.46591759 -7.0373826 ],[15.61296749 17.0522995  -6.91902733]
18:09:49.211923,211923,74.38303223343367,13.628062214608118,[15.85851002 15.91977787 -9.11853886],[14.94333553 15.46775055 -7.03898382],[15.61236286 17.05371666 -6.91730165]
18:09:49.215925,215925,74.35380641344369,7.302803595695868,[15.8616991  15.91759682 -9.12562561],[14.9403286  15.47073841 -7.04076481],[15.61608124 17.05062866 -6.92106533]
18:09:49.219924,219924,74.28501763880993,17.201494031947846,[15.86450577 15.92560482 -9.1200161 ],[14.9396944  15.4740839  -7.03967571],[15.61505699 17.05428314 -6.91708755]
18:09:49.223897,223897,74.18300028415592,25.6776628879963,[15.86790085 15.92441368 -9.11757946],[14.93798637 15.47875023 -7.04136086],[15.60950947 17.05664825 -6.92498016]
18:09:49.227898,227898,74.13698839765951,11.500096599953974,[15.86275768 15.93863201 -9.1120348 ],[14.93322563 15.48374081 -7.04146385],[15.60965443 17.06337929 -6.91722775]
18:09:49.232898,232898,74.34538504348707,41.67932916551251,[15.85914803 15.93887138 -9.12258434],[14.93341446 15.49063492 -7.03792429],[15.60726261 17.06664467 -6.91684532]
18:09:49.236923,236923,74.55629993192854,52.40121451961866,[15.85976601 15.92739868 -9.13809299],[14.9275198  15.49730492 -7.03812361],[15.60365105 17.0696373  -6.9243803 ]
18:09:49.240897,240897,74.20659772353727,87.99753608235127,[15.86701107 15.93903923 -9.11894131],[14.93505764 15.48621845 -7.05301237],[15.60855389 17.06537056 -6.9271965 ]
18:09:49.244923,244923,74.41369669956,51.440381525766234,[15.86839199 15.93728256 -9.12343216],[14.93755436 15.48649883 -7.05446386],[15.60749626 17.06769371 -6.92584038]
18:09:49.248923,248923,74.07789424015245,83.95061485189004,[15.86403561 15.94538784 -9.12247849],[14.93297958 15.49253464 -7.05225849],[15.60471249 17.06998825 -6.9322648 ]
18:09:49.252923,252923,74.17883328311169,25.234760739810014,[15.86531258 15.94384003 -9.12518787],[14.93233204 15.49471188 -7.05256414],[15.60383129 17.07237816 -6.9322629 ]
18:09:49.257925,257925,74.23166262182534,10.561643085495808,[15.85799217 15.94777679 -9.13209534],[14.93394947 15.49297428 -7.05332851],[15.60124397 17.07732391 -6.93272305]
18:09:49.261898,261898,74.27287080570473,10.37205735700754,[15.86302376 15.94582653 -9.13100719],[14.93433952 15.49594307 -7.0522294 ],[15.60531998 17.07678413 -6.93133211]
18:09:49.265925,265925,74.51067468206998,59.05236562335445,[15.8565979  15.94532394 -9.13783932],[14.93507099 15.49528503 -7.05278587],[15.60705757 17.07653999 -6.92719221]
18:09:49.269925,269925,74.41033319837199,25.08537092449714,[15.86243057 15.94518852 -9.13333511],[14.93671322 15.49498272 -7.05300999],[15.60884476 17.07662201 -6.92828751]
18:09:49.273924,273924,74.29429209257876,29.01753083101509,[15.86747456 15.94154358 -9.13115788],[14.93787003 15.49634171 -7.0531354 ],[15.60591125 17.078825   -6.93550014]
18:09:49.278900,278900,74.16386438397743,26.211356230171113,[15.86926746 15.93900681 -9.13130569],[14.9409771  15.49376678 -7.0551095 ],[15.60969353 17.07451248 -6.94108105]
18:09:49.282934,282934,74.15614259234566,1.9141774000412617,[15.86520576 15.93766308 -9.13585758],[14.9386816  15.49542046 -7.05587482],[15.61113453 17.07335663 -6.94417   ]
18:09:49.286899,286899,74.18407923222827,7.0458108152865835,[15.86355782 15.93678761 -9.13709545],[14.94402504 15.49405766 -7.04931831],[15.60949135 17.07609367 -6.94241858]
18:09:49.290908,290908,74.24756388115621,15.835532284345147,[15.86524868 15.93788433 -9.13143444],[14.94173908 15.49341583 -7.05268097],[15.6109333  17.07692909 -6.93830347]
18:09:49.294924,294924,74.11200526176438,33.75463630274649,[15.86869526 15.93279934 -9.12946606],[14.94362259 15.49138737 -7.05091143],[15.61352158 17.07488823 -6.94234419]
18:09:49.298923,298923,74.31213480408898,50.0448968053522,[15.87380028 15.92122173 -9.13189411],[14.94688892 15.48953533 -7.04776955],[15.61264038 17.07622528 -6.94225025]
18:09:49.302926,302926,74.43280710919171,30.145467175300936,[15.8784647  15.91025162 -9.13404274],[14.95488167 15.48465919 -7.03978777],[15.61367607 17.07733536 -6.94063616]
18:09:49.307899,307899,74.64614896185834,42.90003069910123,[15.87824059 15.90380669 -9.13456345],[14.95226955 15.48662663 -7.03668737],[15.61620331 17.07696724 -6.93523407]
18:09:49.311924,311924,74.92531223343707,69.35733455372036,[15.8861351  15.89383316 -9.13176632],[14.95142841 15.48297977 -7.04601479],[15.61647892 17.07670403 -6.93513536]
18:09:49.315898,315898,75.04412099636662,29.896518100036907,[15.88294125 15.88848782 -9.13218307],[14.95245647 15.48221016 -7.04173517],[15.61819363 17.07508278 -6.9321413 ]
18:09:49.319899,319899,75.25438827088648,52.55368020991367,[15.87969112 15.88153362 -9.13727093],[14.95369053 15.47895336 -7.04508448],[15.61597824 17.07730865 -6.93437004]
18:09:49.323898,323898,75.44109933791596,46.689439117148744,[15.88642883 15.86867046 -9.13801956],[14.95851898 15.47199535 -7.04698515],[15.61885643 17.07383156 -6.93469906]
18:09:49.328898,328898,75.75498538869608,62.777210156025376,[15.88589573 15.85587502 -9.14470482],[14.96765709 15.4624052  -7.04639721],[15.62118816 17.07305717 -6.93310022]
18:09:49.332924,332924,75.53949010394997,53.52590281820959,[15.88598633 15.85243702 -9.13949299],[14.97504997 15.45688629 -7.03827953],[15.62213612 17.07194138 -6.93510962]
18:09:49.336899,336899,75.41410444609707,31.543561724000615,[15.8817625  15.84837627 -9.13932133],[14.97663116 15.45350361 -7.03495836],[15.632164   17.06127357 -6.93510675]
18:09:49.340917,340917,75.67902070794003,65.93236979665399,[15.87823296 15.8385725  -9.1452322 ],[14.97968006 15.44850063 -7.03370762],[15.63320732 17.06070709 -6.9329195 ]
18:09:49.344923,344923,76.04804586601976,92.11811235140704,[15.88384056 15.82789898 -9.1394558 ],[14.98937702 15.43600464 -7.03694201],[15.64093208 17.05839157 -6.92312288]
18:09:49.348899,348899,76.24197319501401,48.77447912330209,[15.87632942 15.82194901 -9.14620018],[14.98132038 15.44338799 -7.03784418],[15.64573288 17.05379868 -6.92381716]
18:09:49.352926,352926,76.30473377574592,15.584946792129195,[15.88036823 15.81091976 -9.14472103],[14.98095894 15.44116211 -7.03961182],[15.64424324 17.0525341  -6.92856503]
18:09:49.357898,357898,76.32241982261787,3.5571292984630296,[15.8910656  15.7990675  -9.13624954],[14.98756695 15.43104172 -7.03905058],[15.64858723 17.05067635 -6.9271946 ]
18:09:49.361898,361898,76.28401746916245,9.600588363856133,[15.89033794 15.78686047 -9.14133835],[14.98682308 15.43039703 -7.03269339],[15.64731026 17.04862022 -6.93314505]
18:09:49.365923,365923,76.31545054106273,7.8094588572126975,[15.87798023 15.78265095 -9.14833546],[14.99283504 15.42697906 -7.02417707],[15.65048313 17.04519653 -6.93279266]
18:09:49.369897,369897,76.71107809507541,99.5539894344934,[15.88778114 15.76124954 -9.15179634],[15.00579548 15.41505146 -7.01736975],[15.64844036 17.04586029 -6.92869854]
18:09:49.373933,373933,76.84332832946438,32.76764974949868,[15.89085293 15.74438095 -9.15558624],[15.00510216 15.41572762 -7.01357841],[15.66072369 17.03707504 -6.9292798 ]
18:09:49.378898,378898,76.60902152477294,47.19170285829658,[15.88700676 15.74592304 -9.14367676],[15.01341724 15.40732288 -7.00561476],[15.67051411 17.03062248 -6.92335415]
18:09:49.382897,382897,76.91575065324918,76.70145748342955,[15.89030266 15.72873306 -9.14466476],[15.01270866 15.39986134 -7.01641178],[15.67524147 17.02376366 -6.92668056]
18:09:49.386899,386899,77.450309692766,133.57297339250914,[15.89390278 15.71820259 -9.14297867],[15.01686096 15.39335155 -7.01887131],[15.67714119 17.02426529 -6.915277  ]
18:09:49.390897,390897,77.87288805553106,105.69743941097191,[15.89238262 15.70768261 -9.14632416],[15.01235008 15.39233875 -7.0202136 ],[15.67110538 17.03090286 -6.91058111]
18:09:49.394923,394923,78.05078590237886,44.18724462190729,[15.88900661 15.6955328  -9.14334393],[15.02365398 15.38344288 -7.01284599],[15.67370415 17.02761269 -6.90739441]
18:09:49.398927,398927,78.17367664123628,30.69199272163372,[15.89685059 15.67161369 -9.14928818],[15.03991127 15.37092781 -6.99982643],[15.68364716 17.01910019 -6.90684175]
18:09:49.402945,402945,78.36330359486426,47.19436377002959,[15.89634418 15.66711617 -9.1444416 ],[15.03364468 15.36950016 -7.00879574],[15.68433094 17.01865959 -6.90566635]
18:09:49.407898,407898,78.8387418322462,95.98995303491557,[15.87990856 15.65903473 -9.16183758],[15.0335331  15.36779785 -7.01113272],[15.68055344 17.0214138  -6.9055438 ]
18:09:49.411949,411949,79.12892626174616,71.63278931127108,[15.8914957  15.64206791 -9.15448952],[15.03452301 15.36363792 -7.00806475],[15.67977238 17.02365494 -6.90007591]
18:09:49.415899,415899,79.60138773405636,119.61049931903815,[15.88982868 15.63358021 -9.15635109],[15.04152775 15.35415649 -7.00682306],[15.68769169 17.02240181 -6.88543463]
18:09:49.419901,419901,79.61626722705597,3.7180142427814697,[15.89724922 15.61609459 -9.15582561],[15.0382719  15.35772038 -7.00195789],[15.69637871 17.01037979 -6.88926315]
18:09:49.423899,423899,79.7547443875087,34.63660841738946,[15.90556717 15.59467316 -9.1524477 ],[15.04502392 15.34761429 -7.00238228],[15.70445347 17.00197411 -6.89213753]
18:09:49.428901,428901,79.29501548824227,91.90901624678592,[15.90068626 15.59222889 -9.14898491],[15.05122089 15.3418932  -6.99227095],[15.70454502 16.99749184 -6.90064526]
18:09:49.432899,432899,79.65718213125628,90.58695423061698,[15.90342903 15.57102013 -9.1568737 ],[15.05567265 15.33136749 -6.99592686],[15.70558834 16.99479485 -6.90320396]
18:09:49.436923,436923,79.91146186710534,63.190789226905416,[15.91109371 15.55300522 -9.15159035],[15.05688763 15.3319788  -6.99130535],[15.70518684 16.99371338 -6.90286636]
18:09:49.440897,440897,79.94893726521379,9.430145472682694,[15.90449715 15.54981232 -9.15300751],[15.06424999 15.32424355 -6.98593473],[15.71368217 16.98546219 -6.89707136]
18:09:49.444897,444897,80.26558182630522,79.16114027285914,[15.90087223 15.53576469 -9.15778542],[15.06906891 15.3137846  -6.98792887],[15.71097946 16.9878006  -6.89714813]
18:09:49.448898,448898,80.43750853419452,42.97093423876488,[15.91331577 15.51918125 -9.15248966],[15.07025242 15.30623436 -6.98841047],[15.71392918 16.98317719 -6.89466095]
18:09:49.453902,453902,80.74194409393864,60.838441195867524,[15.91224289 15.50806522 -9.15391159],[15.07196236 15.30683804 -6.98122501],[15.72158146 16.97719383 -6.88602161]
18:09:49.457898,457898,80.88077787641713,34.743188808429814,[15.91107178 15.48333168 -9.16914082],[15.07070827 15.3050375  -6.98237562],[15.72271061 16.96957207 -6.90082216]
18:09:49.461899,461899,80.64124286294317,59.86878617194562,[15.91058445 15.48090839 -9.16210079],[15.07600403 15.294734   -6.97806406],[15.72389317 16.96497726 -6.90125704]
18:09:49.465934,465934,81.12862071553867,120.78757189479562,[15.90794754 15.47428608 -9.16179848],[15.07505322 15.28971195 -6.98480892],[15.72700119 16.96760559 -6.89168024]
18:09:49.469934,469934,81.1422396838584,3.404742079933243,[15.90800858 15.46513271 -9.15843868],[15.0842371  15.27720547 -6.98819113],[15.72602081 16.96491432 -6.89718246]
18:09:49.473935,473935,81.49777265035983,88.86102636876491,[15.9058342  15.44639587 -9.16939163],[15.08637333 15.27445793 -6.97955036],[15.73288631 16.95876122 -6.89128399]
18:09:49.477925,477925,81.94477494425547,112.03065009915694,[15.90961838 15.42553043 -9.17733288],[15.08497906 15.27327824 -6.97790718],[15.7338028  16.95893669 -6.88915348]
18:09:49.482924,482924,82.03486965318352,18.022546294868828,[15.90646839 15.42081642 -9.17602921],[15.08809471 15.26984692 -6.97624445],[15.73259258 16.95697212 -6.88857698]
18:09:49.486898,486898,81.87119625000844,41.18606018497281,[15.90316486 15.41661263 -9.17371559],[15.09039783 15.26688194 -6.96825218],[15.73340416 16.9555378  -6.88975   ]
18:09:49.490898,490898,81.63750323957069,58.423252609436815,[15.9044733  15.41399574 -9.16432762],[15.09353161 15.26035213 -6.96850634],[15.73686886 16.94858742 -6.89372873]
18:09:49.494943,494943,81.87854294851645,59.58954485680178,[15.90736389 15.40154839 -9.16313267],[15.09338188 15.25094795 -6.97639418],[15.73569107 16.94688034 -6.89472055]
18:09:49.498935,498935,82.0429054221177,41.172964328968966,[15.90795422 15.38818359 -9.16909409],[15.09602833 15.24478912 -6.9730792 ],[15.72803497 16.94998932 -6.89720154]
18:09:49.502934,502934,82.84305414842085,200.08720337663146,[15.90424633 15.36356354 -9.19656944],[15.09505367 15.24310875 -6.97605705],[15.72846127 16.94927597 -6.89456415]
18:09:49.507898,507898,82.66922914675321,35.01712362361754,[15.90833759 15.36408138 -9.1790781 ],[15.10204983 15.23265266 -6.97572565],[15.72790337 16.94738388 -6.89308119]
18:09:49.511923,511923,82.79055723228872,30.143623735530298,[15.90833187 15.35582066 -9.18067551],[15.10216141 15.23316956 -6.96706867],[15.73374939 16.94233131 -6.88628292]
18:09:49.515924,515924,83.07551884352621,71.22259716008291,[15.90681934 15.34738922 -9.18288326],[15.10375118 15.22438431 -6.97711849],[15.73780251 16.93631935 -6.88565111]
18:09:49.519928,519928,83.37416578910359,74.5871492450985,[15.9074049  15.336586   -9.19066334],[15.1028986  15.22094536 -6.97778082],[15.73666668 16.93669128 -6.88284302]
18:09:49.523926,523926,83.3942496271504,5.023471247327557,[15.9129734  15.31791782 -9.19600582],[15.10784435 15.21666145 -6.97276545],[15.73516273 16.93344307 -6.89145136]
18:09:49.527898,527898,83.46385113311223,17.523037754740074,[15.91151142 15.30514145 -9.20411015],[15.10933304 15.2094574  -6.97485161],[15.73407841 16.93017578 -6.89802217]
18:09:49.532925,532925,83.50650386707524,8.48472925462698,[15.90597725 15.3000412  -9.20859528],[15.10865307 15.20711899 -6.98057222],[15.73729992 16.92495728 -6.90403938]
18:09:49.536922,536922,83.92571499403371,104.88144282173452,[15.9094429  15.2907753  -9.20798111],[15.10867977 15.19760323 -6.99323988],[15.73854637 16.92345047 -6.90005255]
18:09:49.540897,540897,83.57751772002861,87.59679849184957,[15.90546703 15.29132748 -9.20603466],[15.11034775 15.19497585 -6.98778772],[15.74375629 16.91401863 -6.90418148]
18:09:49.544925,544925,83.8116845813054,58.13477191578709,[15.90764046 15.27798271 -9.21202564],[15.11030293 15.18473816 -7.00027418],[15.74079609 16.9094944  -6.91110754]
18:09:49.548924,548924,84.02590451158952,53.56837466469526,[15.90974426 15.26585865 -9.21576786],[15.11058617 15.18553162 -6.99484682],[15.73968792 16.9091568  -6.90942812]
18:09:49.552924,552924,84.01572072358071,2.545947002200677,[15.90631866 15.26088047 -9.22313881],[15.1065588  15.18546867 -6.99364471],[15.74693012 16.89889526 -6.90889692]
18:09:49.557898,557898,84.05470017231542,7.836640276378667,[15.90008259 15.2594614  -9.22306538],[15.10464859 15.18596077 -6.99133587],[15.7460804  16.89724159 -6.90762329]
18:09:49.561923,561923,84.09882252912901,10.962076226978441,[15.89717484 15.24923134 -9.22943115],[15.10813999 15.17707062 -6.99604177],[15.74100685 16.89627647 -6.9169488 ]
18:09:49.565923,565923,83.93528595053573,40.88414464832013,[15.90235138 15.246171   -9.22551632],[15.10722637 15.17741489 -6.99213743],[15.74681282 16.88793182 -6.91683531]
18:09:49.569926,569926,84.26256582895412,81.75865061663623,[15.90793324 15.23062134 -9.2307024 ],[15.11053467 15.17249393 -6.99227619],[15.74271107 16.88992119 -6.91691446]
18:09:49.573924,573924,84.30244574122979,9.974965551692264,[15.90617657 15.23052311 -9.23086071],[15.11036968 15.17114258 -6.99385405],[15.74330616 16.88864136 -6.91620731]
18:09:49.578897,578897,84.40987141742629,21.60178487763903,[15.90012932 15.23130322 -9.23016644],[15.10618019 15.16910267 -6.99686575],[15.73628998 16.89257622 -6.91482687]
18:09:49.582898,582898,84.54895658634007,34.76260157805059,[15.90167999 15.22400951 -9.2333765 ],[15.1096859  15.16111374 -7.00071001],[15.73830891 16.88909149 -6.9146471 ]
18:09:49.586898,586898,84.66363863419159,28.670511962879175,[15.90268707 15.22187138 -9.23004055],[15.10546684 15.16137981 -7.00243473],[15.7454319  16.88467407 -6.90848637]
18:09:49.590897,590897,84.94919850998528,71.40782090364955,[15.89939404 15.2184267  -9.23398781],[15.10364437 15.16033554 -7.00398827],[15.7415266  16.88716888 -6.90376902]
18:09:49.594897,594897,85.09827161409329,37.26827602700311,[15.89810753 15.21336746 -9.24072456],[15.10280895 15.15550613 -7.00992441],[15.73209572 16.89171028 -6.90837431]
18:09:49.598897,598897,84.85584038699466,60.60780677465871,[15.90089321 15.21073246 -9.23784256],[15.10749912 15.15163231 -7.00556517],[15.73195744 16.8886013  -6.91354799]
18:09:49.602898,602898,84.75308785466156,25.681712655111,[15.89507103 15.21238232 -9.24344444],[15.10613823 15.14839649 -7.00748253],[15.72862148 16.88739777 -6.91747522]
18:09:49.607897,607897,84.49462672714503,51.70256601650847,[15.89766979 15.21348953 -9.2375946 ],[15.11009789 15.14476395 -7.0062871 ],[15.72879505 16.88318062 -6.92237186]
18:09:49.611933,611933,84.30421542764526,47.178220886960304,[15.8947916  15.21262455 -9.24101925],[15.10722446 15.14062214 -7.01357031],[15.72531796 16.87982368 -6.93338203]
18:09:49.615954,615954,84.2821161378063,5.495968624462193,[15.89112186 15.21522045 -9.24400234],[15.10519028 15.14360714 -7.00943232],[15.72492123 16.87937164 -6.93075562]
18:09:49.619899,619899,84.24536949913968,9.314737304591576,[15.88961983 15.21111012 -9.25051212],[15.10139275 15.1471405  -7.0080471 ],[15.72367764 16.8758297  -6.93549395]
18:09:49.623925,623925,84.4089269102948,40.62528841408614,[15.89419842 15.20915318 -9.24762344],[15.09831429 15.14951229 -7.00580072],[15.72837448 16.873909   -6.92628622]
18:09:49.627925,627925,84.56678507180258,39.464540376947355,[15.89014435 15.2090807  -9.25188637],[15.09372807 15.1482048  -7.01378489],[15.72245312 16.87672234 -6.9281559 ]
18:09:49.632930,632930,84.61323143790946,9.27999322814739,[15.89275169 15.21069908 -9.24760151],[15.09519482 15.14688778 -7.01199198],[15.72763443 16.87298775 -6.92062378]
18:09:49.636940,636940,84.2971625109854,78.82018127782061,[15.8932476  15.21621895 -9.24016666],[15.09701157 15.14581108 -7.01074362],[15.73260593 16.86757278 -6.92332935]
18:09:49.640897,640897,83.97312155484786,81.89056258214235,[15.89737892 15.21700573 -9.23502159],[15.09805393 15.14434242 -7.00837517],[15.73319244 16.86358643 -6.92901516]
18:09:49.644923,644923,83.78133037784288,47.638146300294814,[15.89731598 15.21661282 -9.23659992],[15.10067272 15.14234066 -7.00730753],[15.72811031 16.86519623 -6.93686819]
18:09:49.648899,648899,83.6580327451468,31.010471000019997,[15.89521217 15.22181225 -9.23403931],[15.09945011 15.14262772 -7.00812101],[15.72335911 16.86701584 -6.93912411]
18:09:49.653897,653897,83.80341483484,29.088053159903982,[15.8923912  15.22454357 -9.23686218],[15.09705162 15.14318466 -7.01126051],[15.72686481 16.86457253 -6.9336834 ]
18:09:49.657932,657932,83.79152417318683,2.9468802114421004,[15.89237976 15.22763729 -9.23538589],[15.09207439 15.14464283 -7.01723623],[15.7243576  16.86522865 -6.9358201 ]
18:09:49.661923,661923,83.83563386657477,11.05229100173839,[15.89457607 15.22868729 -9.23477173],[15.0936718  15.14470959 -7.01362514],[15.72130394 16.86835861 -6.93187475]
18:09:49.665899,665899,83.60370477066024,58.33226758413568,[15.89228535 15.23770905 -9.23146343],[15.09196663 15.14361858 -7.01718903],[15.72235584 16.86628914 -6.93383884]
18:09:49.669924,669924,83.5962060259633,1.8630421607318985,[15.8933115  15.23911858 -9.23450947],[15.09179974 15.14400673 -7.01686668],[15.72124577 16.86739349 -6.93344975]
18:09:49.673923,673923,83.59643113053366,0.056290215144191746,[15.89103699 15.24975967 -9.23004341],[15.08494091 15.14829159 -7.02226162],[15.7229414  16.8674736  -6.92851782]
18:09:49.678898,678898,83.59531843472475,0.22365744902785922,[15.884758   15.25589466 -9.23587608],[15.07930851 15.15553379 -7.02064943],[15.72093201 16.86885452 -6.92736912]
18:09:49.682924,682924,83.39395211150647,50.016473725355375,[15.88498783 15.26395893 -9.230093  ],[15.07991219 15.15503502 -7.02035046],[15.7235384  16.86726189 -6.92596245]
18:09:49.686898,686898,82.87979582904447,129.38004088122716,[15.8867178  15.28071404 -9.22077847],[15.08125305 15.15603256 -7.0183239 ],[15.72375774 16.86590576 -6.92826509]
18:09:49.690897,690897,82.8726191548697,1.7946171979925736,[15.8908329  15.28549671 -9.21731663],[15.07859325 15.15981102 -7.01707172],[15.7239027  16.86685371 -6.92336988]
18:09:49.694899,694899,83.02178554780012,37.272961751730435,[15.8905201  15.2840395  -9.22293091],[15.07402229 15.16321754 -7.01971054],[15.72117329 16.86852837 -6.92333221]
18:09:49.698901,698901,82.90233974514462,29.846527400176264,[15.89165878 15.29013538 -9.22104359],[15.07436466 15.16610622 -7.01898193],[15.72198391 16.8667984  -6.92334127]
18:09:49.702923,702923,82.6270755125465,68.4396401288211,[15.8935709  15.29475689 -9.21863842],[15.07477188 15.16928959 -7.01338482],[15.71991062 16.8672142  -6.92651892]
18:09:49.707899,707899,82.31126181635179,63.467382675785636,[15.89688015 15.30144787 -9.21401119],[15.0766716  15.1742115  -7.00586271],[15.7203989  16.86614609 -6.92824078]
18:09:49.711971,711971,82.3735041253115,15.285439331952508,[15.8952446  15.30719566 -9.21720505],[15.07104778 15.17844105 -7.00882053],[15.71870899 16.86899376 -6.92564487]
18:09:49.715926,715926,82.00829509837531,92.34109404201895,[15.88172531 15.32433224 -9.22208214],[15.07135963 15.17739105 -7.01045322],[15.71829033 16.86710167 -6.92983675]
18:09:49.719897,719897,81.998906724391,2.3642341939833593,[15.88691902 15.32786751 -9.22026062],[15.07225513 15.17578697 -7.01394415],[15.72070789 16.86746025 -6.92758465]
18:09:49.723898,723898,81.86180797453544,34.266120933658534,[15.88904953 15.33268833 -9.22027397],[15.06660843 15.18847084 -7.00608969],[15.71925735 16.86857986 -6.92719078]
18:09:49.728897,728897,81.75355891659191,21.65414241718833,[15.89265251 15.33766842 -9.21685028],[15.05692291 15.19812965 -7.00808001],[15.72019672 16.86752701 -6.92788601]
18:09:49.732923,732923,81.44927758999005,75.57906771034945,[15.88687801 15.35512543 -9.21121597],[15.05972958 15.19629669 -7.00962353],[15.71713734 16.87157059 -6.9285574 ]
18:09:49.736925,736925,81.09956523098639,87.38439755213913,[15.88844872 15.3689661  -9.20380974],[15.05506611 15.20367622 -7.00551033],[15.71844864 16.8702507  -6.92653036]
18:09:49.740897,740897,81.0196352835914,20.12335030085279,[15.88229084 15.37838459 -9.21213245],[15.05460453 15.20828915 -7.00121546],[15.72102928 16.86911583 -6.92328596]
18:09:49.744925,744925,80.8965661465861,30.55341037867485,[15.87485981 15.39398956 -9.2083807 ],[15.05387592 15.20871449 -7.00755835],[15.71618557 16.87227631 -6.92408228]
18:09:49.748922,748922,80.82760067566944,17.25430846050834,[15.88502502 15.39928627 -9.20071125],[15.04661751 15.21598911 -7.01377487],[15.71715164 16.87134361 -6.92418957]
18:09:49.752899,752899,80.83285320391892,1.3207262382376945,[15.88087749 15.41715813 -9.19513798],[15.04887486 15.21434402 -7.01806545],[15.71806431 16.87409592 -6.91458607]
18:09:49.757928,757928,80.82872010328313,0.8218533775668421,[15.88062382 15.4237442  -9.20129776],[15.04331684 15.21642399 -7.02559376],[15.71329308 16.87808609 -6.91716957]
18:09:49.761901,761901,80.8119118793625,4.2306126153119035,[15.88726807 15.42889786 -9.19507122],[15.04359055 15.21923542 -7.02444744],[15.70865154 16.8833847  -6.9140501 ]
18:09:49.765898,765898,80.24808096973338,141.06352505106784,[15.88913155 15.44670296 -9.18352222],[15.04443932 15.22104836 -7.02082014],[15.70634174 16.88455582 -6.9163847 ]
18:09:49.769925,769925,79.80617281067488,109.73631960727575,[15.89236546 15.456357   -9.17951584],[15.04376793 15.2258234  -7.01606178],[15.69634628 16.88950729 -6.92466545]
18:09:49.773898,773898,79.34394774228149,116.34157271416919,[15.88720989 15.47012043 -9.17664051],[15.03780842 15.23226261 -7.02075291],[15.69681168 16.88650131 -6.93477774]
18:09:49.778897,778897,79.1518648533246,38.42426264390669,[15.88202    15.48140049 -9.17746258],[15.03714085 15.23639011 -7.01791763],[15.69694901 16.88754082 -6.93420029]
18:09:49.782925,782925,79.1202460834077,7.849744269340488,[15.87135124 15.49772167 -9.18374062],[15.03359604 15.24293041 -7.02135468],[15.69054985 16.89453506 -6.934618  ]
18:09:49.786925,786925,79.00649924031822,28.4367107723682,[15.88589573 15.50849438 -9.16674709],[15.02517223 15.25066662 -7.02822542],[15.69008827 16.89865112 -6.93005896]
18:09:49.790898,790898,78.98270970415,5.9878017035548545,[15.88136482 15.51797581 -9.17439938],[15.0229845  15.26051426 -7.02061987],[15.6890974  16.90092659 -6.92604351]
18:09:49.794927,794927,78.8824258086661,24.890517618242203,[15.88757324 15.5269022  -9.16378784],[15.00944042 15.26976776 -7.02632284],[15.68934822 16.90502548 -6.92237425]
18:09:49.798925,798925,79.0893556636791,51.758342924712714,[15.87949181 15.54409027 -9.16067123],[15.01258564 15.26566792 -7.03430891],[15.6846962  16.91168404 -6.91171694]
18:09:49.803897,803897,79.04707867001125,8.503015621048847,[15.87461472 15.54843235 -9.17266464],[15.01358891 15.27258968 -7.02593374],[15.68156052 16.9143219  -6.91321707]
18:09:49.807898,807898,78.67130799189901,93.91918973062542,[15.87867355 15.55827713 -9.16770363],[15.01094913 15.27951717 -7.0227294 ],[15.67926311 16.91602325 -6.91764688]
18:09:49.811946,811946,78.37217666048392,73.89607989503388,[15.87863255 15.56554794 -9.16912174],[15.00343418 15.28855515 -7.0224247 ],[15.67597198 16.91492462 -6.92476797]
18:09:49.815949,815949,77.98444885767678,96.85930622211704,[15.87932205 15.59002209 -9.15182209],[15.00287628 15.29354382 -7.01989365],[15.67418671 16.92134857 -6.91780329]
18:09:49.819947,819947,78.12947425443204,36.27448643203061,[15.87256813 15.60437393 -9.15239048],[15.00290966 15.2925272  -7.0255022 ],[15.67009449 16.92793655 -6.90988016]
18:09:49.823923,823923,78.24353216167633,28.686596389408333,[15.87028503 15.61004829 -9.16468906],[15.00125217 15.29803276 -7.02318716],[15.66700745 16.93167305 -6.90726852]
18:09:49.827947,827947,78.12504002808383,29.44635526652507,[15.87305927 15.61951256 -9.16060925],[14.99496365 15.31428909 -7.01259422],[15.66526985 16.93485832 -6.90230083]
18:09:49.832925,832925,77.66159736821903,93.09816389409326,[15.87697506 15.63098621 -9.15020561],[14.99297905 15.3175869  -7.01994514],[15.67149925 16.93227005 -6.91055536]
18:09:49.836926,836926,77.50268658502746,39.71776635630407,[15.87883472 15.64332581 -9.14396   ],[14.99674606 15.31637669 -7.02160931],[15.66580296 16.93849754 -6.90982151]
18:09:49.840899,840899,77.03401273822159,117.96472358567094,[15.87542152 15.65433502 -9.14725876],[14.99006176 15.32636452 -7.01534128],[15.65799713 16.94112587 -6.91900444]
18:09:49.844899,844899,76.78794083082023,61.51797685033955,[15.87229252 15.6693182  -9.14534473],[14.98744488 15.33270168 -7.01445866],[15.66082287 16.94166756 -6.91756153]
18:09:49.848924,848924,76.60773009524026,44.772853560242545,[15.86059475 15.69356632 -9.14357853],[14.9774332  15.34930611 -7.01255512],[15.65726852 16.9483757  -6.91366911]
18:09:49.852897,852897,76.63495701372318,6.8529872849041364,[15.86868477 15.69564533 -9.13839912],[14.9731245  15.35789871 -7.01429462],[15.66003418 16.94794464 -6.91176939]
18:09:49.857898,857898,76.55020678834228,16.946655745031226,[15.86235905 15.70664883 -9.14214516],[14.97480202 15.35575485 -7.01918364],[15.65759468 16.95018387 -6.91333294]
18:09:49.861899,861899,76.31478044187114,58.84187614874873,[15.86641312 15.72095585 -9.12886715],[14.96718407 15.36695957 -7.02132988],[15.65528011 16.9558754  -6.91241169]
18:09:49.865933,865933,75.93249333624948,94.76626316848215,[15.87208462 15.73233414 -9.12299538],[14.9672308  15.36612225 -7.02613211],[15.65099049 16.96170616 -6.91871834]
18:09:49.869933,869933,75.74666802717654,46.45632726823479,[15.86678982 15.74712563 -9.11719227],[14.97293091 15.36999035 -7.01607513],[15.64761448 16.96990395 -6.9135766 ]
18:09:49.873899,873899,76.00828386812674,65.96465984624287,[15.86084843 15.74944019 -9.13659573],[14.97649097 15.37080574 -7.01388645],[15.63148022 16.98329926 -6.91611433]
18:09:49.877899,877899,76.13210874941444,30.956220321925798,[15.85793114 15.75997639 -9.13534451],[14.97171211 15.37809372 -7.01474762],[15.62949848 16.989851   -6.90886593]
18:09:49.882930,882930,76.17943380854635,9.406690346234786,[15.8610239  15.77061749 -9.1256628 ],[14.96273994 15.39216042 -7.0133419 ],[15.64402676 16.98602867 -6.8951416 ]
18:09:49.886899,886899,75.82025253425373,90.4966677482045,[15.86293697 15.77984047 -9.1172533 ],[14.96031857 15.3943758  -7.01782513],[15.62936783 16.99830437 -6.90659285]
18:09:49.890898,890898,75.54077840130068,69.88600473944511,[15.85796356 15.79531097 -9.11220646],[14.96432686 15.39984703 -7.01144123],[15.62791824 17.00201797 -6.90599585]
18:09:49.894947,894947,75.81414558414042,67.51474014317976,[15.85954857 15.79194069 -9.12249374],[14.95707893 15.41508007 -7.00448227],[15.63361835 17.00203323 -6.90036535]
18:09:49.898925,898925,75.47532721853949,85.17304313748842,[15.85219193 15.80701065 -9.11975574],[14.9561224  15.41892624 -7.00666904],[15.64072132 16.99798012 -6.90272141]
18:09:49.903897,903897,75.00620434056232,94.35295212734727,[15.85291862 15.81474781 -9.11843491],[14.95827293 15.41982269 -7.0108757 ],[15.63744068 16.9983387  -6.91761494]
18:09:49.907899,907899,75.1335906135539,31.830652921435835,[15.85506821 15.82190132 -9.11301041],[14.95847607 15.42202568 -7.00834751],[15.63617802 17.00381279 -6.90713644]
18:09:49.911934,911934,75.51120591898818,93.5849579762765,[15.85209942 15.82271671 -9.12016964],[14.95799923 15.42448807 -7.01357222],[15.63568306 17.01001549 -6.90288687]
18:09:49.915933,915933,75.47621357451781,8.750273686013427,[15.85461426 15.82808018 -9.11737251],[14.96045017 15.42635918 -7.01191616],[15.63572884 17.01182556 -6.90033627]
18:09:49.919899,919899,75.1713581940492,76.86721645703716,[15.85557938 15.83952713 -9.11088371],[14.96092319 15.42988491 -7.00842094],[15.62953949 17.01839256 -6.90233183]
18:09:49.923936,923936,75.26590476403229,23.420007427069738,[15.85244751 15.84656811 -9.11328602],[14.95441341 15.44173527 -7.00746155],[15.63716221 17.01594734 -6.8964715 ]
18:09:49.928898,928898,75.28878779186539,4.61165413806996,[15.85145378 15.84916878 -9.11711597],[14.95217228 15.44187546 -7.01610374],[15.6373558  17.01791191 -6.90058756]
18:09:49.932922,932922,75.19880556480884,22.36138843353684,[15.85310364 15.85355091 -9.11413765],[14.95474052 15.43756104 -7.02192163],[15.63200855 17.02313805 -6.90427828]
18:09:49.936899,936899,75.19391763874343,1.2290485454884474,[15.85435009 15.8588028  -9.10855103],[14.95199776 15.44380188 -7.02166557],[15.63101101 17.02651787 -6.90191507]
18:09:49.940899,940899,74.80308604661677,97.7078980316648,[15.85270214 15.87287807 -9.09597301],[14.95214176 15.44725323 -7.02039528],[15.62537289 17.03250885 -6.90510702]
18:09:49.944897,944897,74.74526194417585,14.463257238848943,[15.84580803 15.87775993 -9.10347843],[14.95176697 15.4509182  -7.01982307],[15.6260004  17.0327282  -6.90849638]
18:09:49.948924,948924,75.14360923054635,98.91911754916678,[15.8433218  15.87491703 -9.1142149 ],[14.95434284 15.45249748 -7.01656342],[15.62043095 17.04337883 -6.90342474]
18:09:49.952899,952899,75.21107064388458,16.971424739178943,[15.8470192  15.86796284 -9.12116528],[14.95961571 15.44846535 -7.01532364],[15.62051201 17.04337883 -6.90627861]
18:09:49.957924,957924,75.17620379514791,6.938676365506359,[15.83931255 15.87840557 -9.11751461],[14.95186615 15.45320129 -7.02407503],[15.62441635 17.0444622  -6.90530205]
18:09:49.961899,961899,75.47922944402893,76.23286764302343,[15.84431553 15.87131691 -9.12242794],[14.94812679 15.45851612 -7.02189636],[15.61843204 17.05364418 -6.90287018]
18:09:49.965923,965923,75.08438945015124,98.12127084435782,[15.84486008 15.8772192  -9.11740494],[14.94941425 15.46196079 -7.01760435],[15.62244701 17.0493412  -6.908041  ]
18:09:49.969899,969899,75.1611197420201,19.298363146094044,[15.85329151 15.87382793 -9.11306286],[14.95048046 15.4622612  -7.01772594],[15.61955357 17.05232239 -6.90695953]
18:09:49.973924,973924,75.29122426676332,32.32410552626512,[15.84715843 15.87301826 -9.12115192],[14.95081425 15.46064949 -7.02001762],[15.62174892 17.05227661 -6.90696859]
18:09:49.978897,978897,75.21040390078406,16.251833094563423,[15.84354687 15.8755846  -9.12246609],[14.95127392 15.45967674 -7.02270269],[15.62236214 17.05091476 -6.9102664 ]
18:09:49.982923,982923,75.33481431766953,30.901742892565228,[15.84587955 15.8727932  -9.122015  ],[14.95036316 15.46230412 -7.0235405 ],[15.62146473 17.05352592 -6.9099226 ]
18:09:49.986902,986902,75.26042619429435,18.695180541636642,[15.84911728 15.86829376 -9.12260246],[14.95296192 15.46049118 -7.02212954],[15.62311649 17.05212212 -6.91341972]
18:09:49.990898,990898,75.42783319428762,41.89364364195727,[15.84106636 15.87036133 -9.12810516],[14.9508934  15.46031189 -7.02760935],[15.62841034 17.04922104 -6.91096973]
18:09:49.994899,994899,75.57295959868463,36.272532966013095,[15.83862019 15.869771   -9.13146973],[14.953125   15.45960331 -7.02745914],[15.62980938 17.05089378 -6.90848541]
18:09:49.998923,998923,75.62132572015138,12.019413883385221,[15.83657265 15.86880398 -9.13257599],[14.95271778 15.45899963 -7.0295496 ],[15.62586689 17.05472946 -6.91079235]
18:09:50.002922,002922,75.46040479261215,0.16156703410862353,[15.83490467 15.86741257 -9.13397026],[14.95278549 15.45912838 -7.02928972],[15.6225996  17.05537796 -6.91857624]
18:09:50.007900,007900,75.60287748740905,28.620469023080254,[15.83445549 15.86546898 -9.13577175],[14.95107651 15.45852852 -7.03268719],[15.62063599 17.05814934 -6.91800547]
18:09:50.011898,011898,75.75376508518836,37.74076982974405,[15.8336277  15.85691929 -9.1430378 ],[14.95456696 15.45623112 -7.03173971],[15.6184454  17.05813408 -6.92153549]
18:09:50.015899,015899,75.79243843784536,9.665921683828987,[15.83406067 15.84953213 -9.14666653],[14.95501328 15.45212841 -7.03662777],[15.61831856 17.05624962 -6.9275527 ]
18:09:50.019925,019925,76.25142881542344,114.00655180776837,[15.83451653 15.83493996 -9.1597662 ],[14.956604   15.45117283 -7.03476191],[15.61733723 17.05819511 -6.92544842]
18:09:50.023924,023924,76.50928910501409,64.48119269583715,[15.83873653 15.82443619 -9.16038036],[14.95672989 15.44872856 -7.03801155],[15.62141609 17.05535316 -6.92341709]
18:09:50.028898,028898,76.55924423280909,10.043250461399655,[15.84153271 15.82297516 -9.15039349],[14.95619678 15.4465065  -7.03952026],[15.6209898  17.05864906 -6.91967344]
18:09:50.032926,032926,76.73652110054464,44.011138961157634,[15.82597446 15.82374287 -9.16807556],[14.95560551 15.44656372 -7.04107428],[15.61942101 17.05777168 -6.9224987 ]
18:09:50.036898,036898,76.63877219400385,24.60949308680428,[15.83657646 15.81643963 -9.1604805 ],[14.95344925 15.44792461 -7.03996897],[15.62245369 17.05540276 -6.92439461]
18:09:50.040899,040899,76.91084382786502,68.00090823823386,[15.82845974 15.81278515 -9.16985226],[14.95747089 15.44237232 -7.04090071],[15.62246037 17.05587196 -6.9216404 ]
18:09:50.044898,044898,77.15966739862183,62.22144805121587,[15.82876015 15.80363274 -9.17356873],[14.95694351 15.43869781 -7.04539871],[15.62397289 17.05457687 -6.92121458]
18:09:50.048899,048899,76.98753001885862,43.02358904354261,[15.83405018 15.797966   -9.16661644],[14.95599747 15.43419075 -7.05360746],[15.62548065 17.05044556 -6.93014526]
18:09:50.052924,052924,76.36524192579782,154.60573740641064,[15.84096146 15.79020119 -9.15972424],[14.95168018 15.43183708 -7.06350756],[15.63039112 17.03899384 -6.95394373]
18:09:50.057898,057898,76.65711276842107,58.679300889275055,[15.83511925 15.77977943 -9.17026806],[14.96220207 15.42711163 -7.04783058],[15.62178421 17.04869461 -6.94976616]
18:09:50.061931,061931,76.74160132066439,20.94930628398575,[15.82969475 15.777318   -9.17569637],[14.96281147 15.42854786 -7.0422883 ],[15.62369156 17.04356003 -6.94727993]
18:09:50.065924,065924,76.98667222321427,61.37513211867865,[15.82780361 15.76735783 -9.18167114],[14.96574783 15.42448044 -7.04098225],[15.62767696 17.04047012 -6.9448061 ]
18:09:50.069924,069924,77.3080392385625,80.34175383705744,[15.82496548 15.75231934 -9.18756485],[14.96407509 15.41875935 -7.04941559],[15.62740421 17.03960228 -6.94928503]
18:09:50.073927,073927,77.56615702022815,64.48108460295937,[15.82028866 15.74765778 -9.19125366],[14.9657383  15.41037846 -7.05393648],[15.62944317 17.03986549 -6.94457579]
18:09:50.078897,078897,77.64893764693963,16.6560617125719,[15.81911469 15.73443317 -9.19697666],[14.96343422 15.40898132 -7.05590153],[15.63529778 17.03053093 -6.94997787]
18:09:50.082897,082897,77.82226023212064,43.33064629525296,[15.82242584 15.71567535 -9.20341969],[14.96313381 15.40874577 -7.0500288 ],[15.63970757 17.02355003 -6.95163107]
18:09:50.086924,086924,77.95351707995253,32.594201100544396,[15.82558441 15.70825481 -9.19990444],[14.96764088 15.3991909  -7.05280304],[15.64003849 17.02237511 -6.94954824]
18:09:50.090898,090898,78.27018943343434,79.68604768037396,[15.82006073 15.69749069 -9.20578384],[14.97161579 15.38970661 -7.05346823],[15.63271332 17.02768135 -6.94870329]
18:09:50.094924,094924,78.5047500713793,58.26145999626584,[15.81365681 15.69375515 -9.20609283],[14.97351646 15.38639927 -7.05081892],[15.63303566 17.02923203 -6.94214964]
18:09:50.098898,098898,78.74168594261461,59.62150760827966,[15.81698227 15.68014622 -9.21165466],[14.97850895 15.37584686 -7.05013371],[15.63190365 17.02858353 -6.94007349]
18:09:50.102924,102924,79.06730266088864,80.87846951665031,[15.82087421 15.66161442 -9.21299171],[14.97602654 15.37194157 -7.05273485],[15.63029194 17.02741623 -6.94091129]
18:09:50.107899,107899,79.04945158314482,3.5881563304176196,[15.80758572 15.66434574 -9.21281815],[14.97624588 15.37173748 -7.05347633],[15.63456631 17.02232933 -6.94167948]
18:09:50.111911,111911,79.48879383265427,109.507041253602,[15.8149004  15.64424133 -9.21261692],[14.97699738 15.36985302 -7.04926538],[15.63670731 17.02195168 -6.93536901]
18:09:50.115923,115923,79.41582380141614,18.187943977599275,[15.82344627 15.63187313 -9.20647621],[14.98266983 15.3572979  -7.05322599],[15.6397028  17.01566315 -6.94012594]
18:09:50.119899,119899,79.34807862910189,17.03852422390513,[15.81648922 15.62582493 -9.21380901],[14.98778152 15.35478115 -7.03570747],[15.64407539 17.01200104 -6.93523169]
18:09:50.123923,123923,79.87212397300401,130.22995623810056,[15.82137871 15.60575867 -9.21842194],[14.98654652 15.34954643 -7.04151726],[15.65012932 17.00850677 -6.93096209]
18:09:50.128899,128899,79.67552001576287,39.51044156775272,[15.82012653 15.60441399 -9.20794487],[14.9850769  15.34397411 -7.04823208],[15.64447308 17.00632286 -6.93926001]
18:09:50.132924,132924,79.7981860621637,30.476036372875367,[15.81384945 15.59877491 -9.2118845 ],[14.99388313 15.33203602 -7.04852247],[15.64986801 17.00030708 -6.93664789]
18:09:50.136922,136922,80.08565708372636,71.90370724428874,[15.81112003 15.58633327 -9.21639156],[14.99564075 15.32829666 -7.04562187],[15.6452961  17.00159264 -6.93547058]
18:09:50.140898,140898,79.82920252584897,64.5006433293235,[15.80610371 15.57790661 -9.21805573],[15.00363064 15.32340717 -7.03117275],[15.65016556 16.9948616  -6.93896103]
18:09:50.144948,144948,80.05952360600645,56.86940250801992,[15.82085991 15.55438805 -9.21518326],[15.00114918 15.31917763 -7.03343248],[15.65060425 16.99028206 -6.94199419]
18:09:50.148899,148899,80.27348259226109,54.153122311981456,[15.82486057 15.54179192 -9.21282673],[14.99535179 15.31866837 -7.039886  ],[15.65778828 16.98061562 -6.9418602 ]
18:09:50.153897,153897,80.62126467040103,69.58424932771969,[15.81158924 15.53070164 -9.22489262],[14.99406338 15.31675339 -7.03998899],[15.66461468 16.9741478  -6.93967533]
18:09:50.157898,157898,81.00471416152226,95.83841317701226,[15.80818176 15.52044964 -9.22705364],[14.99835873 15.30812645 -7.0425005 ],[15.65755177 16.97576141 -6.93682861]
18:09:50.161897,161897,81.20239175332708,49.4317558901773,[15.80904579 15.50662327 -9.22825241],[14.99858665 15.30588245 -7.03751659],[15.65837288 16.97275543 -6.93459749]
18:09:50.165897,165897,81.73145900720914,132.2668134705154,[15.81488132 15.4847765  -9.23454571],[15.00288105 15.29854202 -7.0358696 ],[15.65133667 16.97787094 -6.93145704]
18:09:50.169897,169897,81.45222596629486,69.80826022856945,[15.8244276  15.4745512  -9.22035885],[15.01255322 15.28779602 -7.02928209],[15.65509129 16.970541   -6.93459082]
18:09:50.173900,173900,81.94119322579729,122.15020222393976,[15.81515598 15.46722794 -9.22978306],[15.01108456 15.28073502 -7.03600788],[15.65189075 16.97312355 -6.9287982 ]
18:09:50.178898,178898,81.99087999821329,9.941331015605344,[15.81211662 15.45398521 -9.23537922],[15.010993   15.27795315 -7.0299859 ],[15.65821075 16.965868   -6.92929983]
18:09:50.182956,182956,82.0284672489837,9.262506350521063,[15.80201054 15.44978428 -9.23882866],[15.01700115 15.26900768 -7.0314393 ],[15.66325474 16.96230316 -6.93091393]
18:09:50.186900,186900,82.17689532120929,37.63389255212592,[15.80485344 15.42807007 -9.24936008],[15.02406216 15.25871086 -7.02931738],[15.66851521 16.95374298 -6.93603134]
18:09:50.190898,190898,82.53273558221629,89.00456753551859,[15.80346966 15.41644382 -9.24898243],[15.02737522 15.24987984 -7.03127003],[15.67247391 16.9515667  -6.92930412]
18:09:50.194934,194934,82.55442686005077,5.374449413894395,[15.81071854 15.40899563 -9.23455906],[15.02572727 15.25028992 -7.02117205],[15.67494011 16.9510498  -6.92023134]
18:09:50.198948,198948,82.6474774211424,23.181505005388615,[15.81294537 15.39792538 -9.23656273],[15.023489   15.24818802 -7.02660275],[15.6763525  16.94438934 -6.92632246]
18:09:50.203898,203898,82.77717351883885,26.20123185786924,[15.8067503  15.39594746 -9.23311138],[15.02531719 15.24404144 -7.02218819],[15.67658043 16.94531631 -6.9189353 ]
18:09:50.207924,207924,82.97686697743501,49.600958419314026,[15.79820061 15.38797379 -9.24152279],[15.02159691 15.23984909 -7.02804422],[15.66793823 16.94742012 -6.92443943]
18:09:50.211898,211898,83.33487830584134,90.0884067454289,[15.80574131 15.36649132 -9.24381351],[15.0275383  15.22990417 -7.02757835],[15.67121601 16.94344711 -6.92187929]
18:09:50.215944,215944,83.31463150855578,5.004151578241665,[15.80174637 15.36192513 -9.24539757],[15.03969669 15.21827316 -7.02347469],[15.6693058  16.94280434 -6.92275381]
18:09:50.219924,219924,83.4008193536483,21.655237460433327,[15.80220985 15.35080338 -9.2467041 ],[15.04662991 15.21214962 -7.01641893],[15.67013741 16.94085503 -6.92138529]
18:09:50.223898,223898,83.65318590298457,63.50441603831726,[15.80490494 15.33410835 -9.24922085],[15.04630375 15.20714092 -7.01935673],[15.67527199 16.93567467 -6.92235518]
18:09:50.228897,228897,83.67704329251517,4.772432392596612,[15.81271076 15.31578636 -9.24769115],[15.05017757 15.19691658 -7.01793671],[15.68334007 16.92699814 -6.92416   ]
18:09:50.232924,232924,83.91616659996545,59.380011783035755,[15.81262112 15.31021786 -9.24384308],[15.04249191 15.20496655 -7.01508665],[15.68578148 16.92427254 -6.91794586]
18:09:50.236923,236923,84.27555269475009,89.86899094389584,[15.81022358 15.30000782 -9.25225163],[15.03654861 15.20429325 -7.02318096],[15.68538094 16.92110825 -6.91851425]
18:09:50.240898,240898,84.21624960447461,14.919016421503809,[15.80542755 15.30499172 -9.24426174],[15.0398016  15.19487381 -7.026824  ],[15.68524265 16.91949463 -6.91522121]
18:09:50.244898,244898,84.35252998607362,34.07009539975192,[15.80259609 15.29355431 -9.25376034],[15.04004955 15.19561768 -7.02144909],[15.6880846  16.91536331 -6.91622496]
18:09:50.248925,248925,84.99781272543055,160.23907110924492,[15.80070591 15.27889156 -9.26274586],[15.04413033 15.1857338  -7.02753592],[15.68599987 16.91760445 -6.90860176]
18:09:50.252924,252924,84.84818379745661,37.41658614001895,[15.80624008 15.27660275 -9.25053883],[15.04477406 15.1861639  -7.02263117],[15.68686104 16.9152298  -6.90847826]
18:09:50.257899,257899,85.0033573115762,31.190656104438595,[15.80332851 15.27223682 -9.25380707],[15.04594326 15.1838398  -7.01995945],[15.6885891  16.91475868 -6.90383577]
18:09:50.261897,261897,84.93704526974331,16.58630361002684,[15.80940151 15.2611475  -9.25155258],[15.05095005 15.17781162 -7.01927662],[15.68788433 16.91002464 -6.91062546]
18:09:50.265924,265924,84.85386244122076,20.656277259138975,[15.81057072 15.25226784 -9.25205135],[15.0534687  15.17529297 -7.01258612],[15.68619633 16.90799713 -6.91411781]
18:09:50.269898,269898,84.7301896734536,31.120475029481874,[15.80508137 15.24954319 -9.25560284],[15.05377007 15.17113495 -7.01241255],[15.68798256 16.90495491 -6.91854286]
18:09:50.273927,273927,84.42924741083583,74.6940339086043,[15.8079071  15.24175262 -9.25737381],[15.04946232 15.17448616 -7.01051521],[15.69915867 16.8897934  -6.92804575]
18:09:50.277924,277924,84.94985728584716,130.2501563701104,[15.80367088 15.23917103 -9.26135063],[15.04914188 15.16775608 -7.01646757],[15.68760967 16.90286636 -6.91868877]
18:09:50.282925,282925,85.19447097514059,48.912955267632576,[15.80490017 15.22830009 -9.2682457 ],[15.05489445 15.16223526 -7.01198244],[15.68257427 16.90375328 -6.916049  ]
18:09:50.286899,286899,85.20901852025128,3.660680702236428,[15.80782795 15.22543144 -9.26363945],[15.05276012 15.16332626 -7.01184845],[15.68800163 16.89959335 -6.91410208]
18:09:50.290899,290899,85.02255498965015,46.615882650282714,[15.80662155 15.22003651 -9.26612949],[15.05025959 15.16527367 -7.00938368],[15.67811012 16.90200424 -6.92601776]
18:09:50.294939,294939,85.06140675957285,9.616774733341806,[15.79693317 15.21870708 -9.27740288],[15.04975128 15.16381454 -7.01144791],[15.67936993 16.89784431 -6.9292655 ]
18:09:50.298925,298925,85.12936245205172,17.048593195904555,[15.79556084 15.22311687 -9.26984978],[15.04997826 15.16169262 -7.01280165],[15.6903944  16.89282227 -6.91945267]
18:09:50.303898,303898,85.00441810806595,25.124541320284386,[15.80095482 15.22763062 -9.25587273],[15.04890823 15.16093922 -7.01413965],[15.69472313 16.88933372 -6.91584301]
18:09:50.307899,307899,85.11524566915885,27.69996528190556,[15.797472   15.22496605 -9.26057339],[15.05150795 15.15687084 -7.01539278],[15.69423866 16.88829231 -6.91536045]
18:09:50.311925,311925,85.18154067467854,16.466717714776845,[15.80302048 15.21922588 -9.26026344],[15.05028629 15.15623474 -7.01613665],[15.68998051 16.89151001 -6.91700935]
18:09:50.315924,315924,85.06039340960537,30.294389865760543,[15.80451202 15.21604061 -9.26032066],[15.04996872 15.15598488 -7.01578522],[15.68592072 16.89172363 -6.92374372]
18:09:50.319898,319898,84.77805198700989,71.04716220319054,[15.79893589 15.21879101 -9.26248646],[15.04845715 15.15729141 -7.01282835],[15.68213463 16.89201927 -6.9314394 ]
18:09:50.323898,323898,84.85935404873223,20.32551543058503,[15.80124855 15.2174902  -9.26041985],[15.04786587 15.15642834 -7.01491404],[15.68664837 16.8886528  -6.92823219]
18:09:50.327899,327899,84.80724461198498,13.024103161020827,[15.79692173 15.21806526 -9.26285172],[15.04950619 15.15386486 -7.01582146],[15.68933201 16.88409233 -6.92977667]
18:09:50.332899,332899,84.98810329839203,36.17173728140983,[15.7973814  15.21411419 -9.26478863],[15.04985332 15.15289116 -7.01601458],[15.68776894 16.88612366 -6.9270587 ]
18:09:50.336936,336936,84.72555440332967,65.03564405805456,[15.79425716 15.22191429 -9.25925827],[15.05111408 15.15348625 -7.0139451 ],[15.68743229 16.884758   -6.92944431]
18:09:50.340899,340899,84.73834918182493,3.2285587926476023,[15.79721355 15.22106457 -9.25710011],[15.05151176 15.15206051 -7.0154767 ],[15.68842602 16.88419914 -6.92891264]
18:09:50.344898,344898,84.73255190871845,1.4496806967944025,[15.79582119 15.22360134 -9.25579262],[15.05136013 15.15291977 -7.01490927],[15.68930912 16.88474274 -6.92716742]
18:09:50.348926,348926,84.85262627556108,29.809922254873346,[15.79325294 15.22516918 -9.25838852],[15.05063534 15.15367985 -7.01623297],[15.6927557  16.88362885 -6.92310047]
18:09:50.352935,352935,84.92094594465726,17.041573733146315,[15.79249287 15.22565651 -9.26148796],[15.04827309 15.15599823 -7.016397  ],[15.69245052 16.88427162 -6.92156363]
18:09:50.357899,357899,84.78553070094284,27.27946086108368,[15.79180813 15.22972393 -9.25659466],[15.04784584 15.15591812 -7.01669264],[15.69359207 16.8831501  -6.92221117]
18:09:50.361936,361936,84.6256552425219,39.60254110005986,[15.79162407 15.230443   -9.25805473],[15.04590321 15.16001606 -7.00995207],[15.69289017 16.88275337 -6.92324734]
18:09:50.365899,365899,84.67093465756126,11.425540004885201,[15.78930664 15.2316246  -9.26186562],[15.04709148 15.15712547 -7.01219368],[15.69085598 16.88450623 -6.9231863 ]
18:09:50.369899,369899,84.78551873190652,28.64601858631488,[15.78992844 15.23491192 -9.25895214],[15.04326248 15.16061974 -7.01312256],[15.69379234 16.8831234  -6.91653824]
18:09:50.373926,373926,84.58224937061489,50.4766231168691,[15.79079723 15.24158382 -9.25398922],[15.04350758 15.16375256 -7.00854254],[15.69194221 16.88497925 -6.91643667]
18:09:50.377925,377925,84.50830873661126,18.489780946145018,[15.78712654 15.2475462  -9.2562151 ],[15.04126167 15.16683102 -7.00897837],[15.69280624 16.88414764 -6.91659832]
18:09:50.382924,382924,84.12759976371176,76.15702598509664,[15.78560257 15.25919533 -9.24752045],[15.0445013  15.16427803 -7.00749063],[15.69323063 16.88292503 -6.91840029]
18:09:50.386898,386898,84.18793552626369,15.182627718150329,[15.79164696 15.25925159 -9.24344158],[15.041605   15.16798115 -7.00709057],[15.69419479 16.88386154 -6.91466665]
18:09:50.390897,390897,84.09816815165459,22.447455516153013,[15.79572964 15.26278305 -9.24376392],[15.0410223  15.16910076 -7.00566435],[15.68983555 16.88804436 -6.91470098]
18:09:50.394925,394925,84.0559519627667,10.480682444858937,[15.79470539 15.26621437 -9.24539757],[15.03939915 15.17261219 -7.00536013],[15.68583298 16.89003754 -6.91656542]
18:09:50.398899,398899,84.05613916278863,0.04710619575402985,[15.79506397 15.26950073 -9.24625969],[15.03730392 15.17542171 -7.00647259],[15.6898098  16.88777542 -6.91452837]
18:09:50.403898,403898,83.70670059716855,69.9016934627078,[15.79046822 15.28531361 -9.23754406],[15.03111267 15.17836952 -7.01274061],[15.68862915 16.88746834 -6.91876984]
18:09:50.407898,407898,83.91962725159455,53.23166360649978,[15.79239368 15.28299809 -9.24664593],[15.0333662  15.17786217 -7.01119566],[15.68694782 16.89073944 -6.9142909 ]
18:09:50.411899,411899,83.87628100338164,10.833853589830792,[15.79438972 15.28813744 -9.24379539],[15.03246403 15.18171024 -7.00906515],[15.68519211 16.89366531 -6.91198397]
18:09:50.415937,415937,83.42726658924575,111.19722985039333,[15.78581142 15.30403519 -9.24322319],[15.0312767  15.18375206 -7.01085567],[15.68251133 16.8932724  -6.92022228]
18:09:50.419898,419898,83.17727807350316,63.11247557247829,[15.79204941 15.3098259  -9.23285103],[15.03236866 15.18424034 -7.0104084 ],[15.68351078 16.89207458 -6.9213953 ]
18:09:50.423925,423925,83.03474536563576,35.39426567355426,[15.79301834 15.31531239 -9.23148632],[15.02939606 15.19115448 -7.00796509],[15.68077278 16.8932476  -6.92347479]
18:09:50.428897,428897,82.64172925546607,79.04587895609062,[15.7881918  15.3354187  -9.22259045],[15.02501297 15.19592476 -7.00794172],[15.67983246 16.89494514 -6.92263889]
18:09:50.432933,432933,82.62534027224572,4.060699509502556,[15.79183197 15.33744144 -9.22523022],[15.02706051 15.19965172 -7.00169086],[15.68435955 16.89359283 -6.91796494]
18:09:50.436901,436901,82.35828970549586,67.30105008817007,[15.78542423 15.35023499 -9.22665977],[15.0276289  15.20008373 -7.00320482],[15.6845932  16.89313698 -6.92088413]
18:09:50.440898,440898,81.92593665898588,108.16938866899872,[15.78605938 15.36353874 -9.22033787],[15.02626324 15.20496464 -6.99983692],[15.678936   16.89613342 -6.92567396]
18:09:50.444897,444897,81.8099046043872,29.01526746653573,[15.79381084 15.36791801 -9.21049309],[15.02383041 15.21020412 -6.99708223],[15.68185329 16.89562416 -6.92183876]
18:09:50.448928,448928,81.91341088505582,25.67756900734943,[15.80088139 15.36923599 -9.20774364],[15.0218811  15.20944214 -7.00489759],[15.6840868  16.89650154 -6.9196887 ]
18:09:50.452924,452924,81.52949199429605,96.07579848843169,[15.79426956 15.38635063 -9.20360088],[15.01996422 15.21803951 -6.99479055],[15.6813755  16.89923859 -6.91780233]
18:09:50.457898,457898,81.93587938649284,81.70233055826118,[15.7930584  15.39236259 -9.20521259],[15.01593113 15.22285461 -6.99857664],[15.67908096 16.9079113  -6.90596914]
18:09:50.461899,461899,81.76590265830878,42.483561155728026,[15.78431988 15.41277599 -9.20133686],[15.01365089 15.2278614  -6.99901342],[15.6723423  16.91328049 -6.90282202]
18:09:50.465925,465925,81.3681034141037,98.8075618989257,[15.79376411 15.42045307 -9.19193077],[15.01358986 15.22894478 -6.99733353],[15.67531776 16.91282082 -6.90468931]
18:09:50.469931,469931,81.38531899060786,4.297447954107992,[15.79710388 15.42689323 -9.18764591],[15.00255489 15.24318123 -6.995543  ],[15.67205334 16.91832161 -6.90119171]
18:09:50.473925,473925,81.1638437766833,55.4519814533208,[15.79284954 15.43423939 -9.19614887],[15.00329208 15.24865723 -6.9901948 ],[15.66848278 16.91926384 -6.90617943]
18:09:50.477924,477924,80.83603349169022,81.97306451439798,[15.79408836 15.44466782 -9.19015884],[15.01700878 15.2418499  -6.98718023],[15.66782284 16.91904068 -6.90845299]
18:09:50.482898,482898,80.77511895233772,12.246590139223054,[15.79521847 15.45096874 -9.1921711 ],[15.00504494 15.25404453 -6.98784447],[15.66656685 16.91984749 -6.9085083 ]
18:09:50.486897,486897,80.51755116730541,64.4080482701444,[15.79144001 15.47116852 -9.18320847],[15.00222206 15.25766945 -6.98824358],[15.66804695 16.92337608 -6.90254545]
18:09:50.490898,490898,80.52313791129943,1.3963369142753859,[15.78693581 15.47845268 -9.19105148],[15.00180626 15.25736523 -6.98934793],[15.66954231 16.92481613 -6.89956903]
18:09:50.494899,494899,80.31124662798709,52.959580932851864,[15.79819489 15.48536777 -9.17653942],[14.99875641 15.26391697 -6.98739529],[15.66585827 16.92871475 -6.89854765]
18:09:50.498925,498925,79.9822840761612,81.70952603722843,[15.79650211 15.49696636 -9.17452145],[14.99826622 15.26705074 -6.99162626],[15.66869068 16.92483711 -6.90507603]
18:09:50.503898,503898,80.01940535636416,7.464564689916196,[15.80171013 15.50075626 -9.17358875],[14.99413967 15.27386665 -6.9909544 ],[15.6660881  16.92874336 -6.90234518]
18:09:50.507924,507924,79.95801416901584,15.248680414386584,[15.79767513 15.51806927 -9.17319679],[14.99009991 15.28078461 -6.99246073],[15.66558075 16.93119621 -6.89652777]
18:09:50.511899,511899,79.68758878638397,68.03154280047058,[15.80506229 15.5285511  -9.16074848],[14.98746109 15.29252243 -6.97938824],[15.66885757 16.93219757 -6.88822031]
18:09:50.515924,515924,79.85872259644363,42.51771678500814,[15.80345631 15.53518772 -9.16512394],[14.98104    15.29744911 -6.99113131],[15.66187382 16.93915176 -6.89090347]
18:09:50.519924,519924,79.61109955429843,61.90576053629826,[15.8006115  15.55402184 -9.15544319],[14.98021221 15.29695511 -6.99825907],[15.66612339 16.93666649 -6.88769817]
18:09:50.523928,523928,79.1067377830279,125.96447833929531,[15.79149723 15.57434845 -9.15597057],[14.98384476 15.29805946 -6.99388456],[15.66470623 16.93796158 -6.89135122]
18:09:50.528898,528898,78.72483435248347,76.84173652805357,[15.79474258 15.5876503  -9.14788532],[14.98039532 15.30530071 -6.99123287],[15.66263771 16.94006538 -6.89315128]
18:09:50.532923,532923,78.88792297948922,40.51891354180094,[15.78997707 15.59410286 -9.16001892],[14.97707748 15.30901527 -6.99718189],[15.66193104 16.94165039 -6.89250851]
18:09:50.536929,536929,78.74987524684026,34.46024279804215,[15.79782009 15.60231113 -9.15123367],[14.9720602  15.3151722  -6.99861002],[15.65761852 16.94494629 -6.89122057]
18:09:50.540899,540899,78.74829255672607,0.398662497277243,[15.80622005 15.60203838 -9.15352345],[14.9722805  15.31904125 -6.99594164],[15.65737152 16.94667816 -6.89048576]
18:09:50.544947,544947,78.63471235639597,28.058349883919263,[15.80341339 15.61474895 -9.15172386],[14.97838211 15.31919384 -6.99206018],[15.64896584 16.95634842 -6.88872719]
18:09:50.548952,548952,78.53633855941827,24.562745812158994,[15.80604458 15.62053967 -9.151474  ],[14.97479534 15.32214642 -6.99627161],[15.6398983  16.96666908 -6.89370918]
18:09:50.553897,553897,78.3417527042474,39.35002126812356,[15.80052471 15.6312952  -9.15563774],[14.97394848 15.32328033 -6.99880695],[15.64322853 16.96479034 -6.89556599]
18:09:50.557924,557924,78.22491944830267,29.012479747883408,[15.80626965 15.64106369 -9.14711189],[14.97035885 15.32815361 -7.00074053],[15.63780594 16.96800995 -6.89374542]
18:09:50.561898,561898,77.86688587660555,90.09400394995485,[15.8108511  15.65408993 -9.14050102],[14.96785545 15.33294964 -7.00581551],[15.63464928 16.97010231 -6.90028477]
18:09:50.565898,565898,77.42584010824757,110.26144208949518,[15.80840778 15.67098331 -9.13504696],[14.97270107 15.33455467 -6.99941444],[15.63560772 16.97050476 -6.90002728]
18:09:50.569924,569924,77.72318701768666,73.8566590757787,[15.79815483 15.68074989 -9.1450243 ],[14.96437073 15.34882259 -6.99571133],[15.63605595 16.97457886 -6.89013147]
18:09:50.573897,573897,77.56210498498092,40.544181400889855,[15.80501652 15.69013596 -9.13731289],[14.95781612 15.35911083 -6.99590111],[15.63236237 16.97959709 -6.89002323]
18:09:50.577897,577897,77.4574745197079,26.15761631825464,[15.79547119 15.70314884 -9.14424038],[14.95523453 15.36068821 -7.0004282 ],[15.63776016 16.97727966 -6.88930893]
18:09:50.582897,582897,77.40469552075385,10.555799790810738,[15.80003452 15.70827961 -9.14067936],[14.95655346 15.36015034 -7.00610447],[15.63802242 16.97753525 -6.89017105]
18:09:50.586898,586898,76.94484481888148,114.9339419825967,[15.80004406 15.72594166 -9.12920189],[14.95413208 15.36848068 -6.99949646],[15.6340189  16.98287773 -6.89023018]
18:09:50.590897,590897,76.97324745113256,7.1024336711895115,[15.80035591 15.73168945 -9.13490963],[14.94665051 15.37729549 -6.99932909],[15.62293339 16.99133873 -6.89177179]
18:09:50.594897,594897,76.91434866120635,14.724697481554472,[15.80373764 15.7330513  -9.13534546],[14.94845676 15.37743664 -7.00153542],[15.62516689 16.99158287 -6.89409494]
18:09:50.598934,598934,76.38152859393983,131.9841633060474,[15.7919836  15.74939919 -9.13940239],[14.95108223 15.38055611 -6.99736118],[15.6177206  16.99580193 -6.90578604]
18:09:50.603905,603905,76.40949378642136,5.625667367035039,[15.79764557 15.75560188 -9.13430977],[14.95281124 15.38235474 -6.99934292],[15.62005234 16.99552345 -6.90094376]
18:09:50.607898,607898,76.647153420078,59.51906678102521,[15.79244328 15.7624588  -9.14256763],[14.94706059 15.38569164 -7.00716305],[15.61433315 17.00333023 -6.8988781 ]
18:09:50.611898,611898,76.66612921881371,4.74394968392744,[15.79858875 15.76689529 -9.13487339],[14.94215393 15.39181423 -7.01256752],[15.62095737 17.00169754 -6.89541483]
18:09:50.615935,615935,76.49850404697693,41.522212493627734,[15.79199982 15.78310013 -9.13498783],[14.93991566 15.39730453 -7.01074743],[15.62672329 17.00123215 -6.89011526]
18:09:50.619937,619937,76.2907973699493,51.90071889745885,[15.79894447 15.78847885 -9.1266737 ],[14.93909454 15.40341473 -7.00917435],[15.62666798 17.00216484 -6.89170027]
18:09:50.623913,623913,76.23411401323031,14.256377444414415,[15.802598   15.78425026 -9.13556671],[14.94236469 15.4010334  -7.01233578],[15.62432766 17.00300026 -6.90104914]
18:09:50.628898,628898,76.37871261448092,29.00674047153598,[15.81068707 15.78527451 -9.13164711],[14.93680954 15.4095974  -7.01263952],[15.62063408 17.00892639 -6.89708662]
18:09:50.632934,632934,76.45323524667613,18.464477749061377,[15.80828381 15.79196358 -9.13170052],[14.93859863 15.40852451 -7.01817083],[15.61644745 17.01556587 -6.89673758]
18:09:50.636936,636936,76.36430560474861,22.22129983196431,[15.80399323 15.80282211 -9.13316822],[14.93327522 15.4126873  -7.02592087],[15.61784649 17.01522827 -6.89853621]
18:09:50.640924,640924,76.39156068617204,6.834273175384548,[15.80646324 15.80249691 -9.13548279],[14.92797947 15.42415237 -7.01927423],[15.61457253 17.02107239 -6.89865398]
18:09:50.644899,644899,76.33594166369475,13.9922069125252,[15.79958248 15.81293201 -9.13854504],[14.923522   15.42795944 -7.02286339],[15.61185169 17.02532768 -6.89927864]
18:09:50.648924,648924,76.06180670540671,68.10806417094275,[15.80407047 15.81625843 -9.13454437],[14.92588997 15.43435097 -7.01504564],[15.60834026 17.02742958 -6.90425873]
18:09:50.653899,653899,76.22182137109861,32.16375189787009,[15.80916977 15.81655693 -9.13529682],[14.92598152 15.43190765 -7.02304363],[15.59788322 17.0386734  -6.90641069]
18:09:50.657899,657899,76.59582649596872,93.50128121752732,[15.80430794 15.82405949 -9.13591003],[14.92524719 15.4322958  -7.02741575],[15.60071087 17.04381371 -6.8929677 ]
18:09:50.661931,661931,76.54243293532015,13.242450557681721,[15.80940247 15.8257618  -9.13338852],[14.92090034 15.43625832 -7.03237009],[15.59698963 17.04768181 -6.89701128]
18:09:50.665928,665928,76.08907041835376,113.425698515485,[15.80180645 15.8336935  -9.13854694],[14.9209795  15.4413271  -7.02603483],[15.59938622 17.04529953 -6.90658092]
18:09:50.669923,669923,75.81957720669676,67.45762494543004,[15.80437088 15.83440113 -9.13953018],[14.92027664 15.44417477 -7.02534008],[15.60006809 17.04370689 -6.91491842]
18:09:50.673898,673898,75.81029088001583,2.3361828128140845,[15.80644512 15.83562088 -9.1394968 ],[14.92225361 15.44529819 -7.02473259],[15.59549904 17.04916    -6.91693497]
18:09:50.678898,678898,76.04097925996892,46.13767599061873,[15.80617142 15.83679104 -9.14355946],[14.92486954 15.44369125 -7.03007746],[15.60399628 17.04532623 -6.91139364]
18:09:50.682899,682899,76.11442621107189,18.357148488619305,[15.80634975 15.83768845 -9.14703655],[14.92474937 15.44820786 -7.02570295],[15.6067009  17.04704857 -6.90796757]
18:09:50.686924,686924,76.08284356674173,7.846619709355888,[15.79873943 15.84542656 -9.15006256],[14.92432976 15.44870949 -7.0300746 ],[15.59987354 17.05399323 -6.91195631]
18:09:50.690897,690897,75.96603793895952,29.39985597337356,[15.80278015 15.84751511 -9.1467495 ],[14.92363071 15.44821739 -7.03482056],[15.60286903 17.05368805 -6.9144516 ]
18:09:50.694899,694899,76.06007351896338,23.497146427751545,[15.80402374 15.84257603 -9.15448189],[14.92343521 15.45024872 -7.035182  ],[15.59779167 17.05607224 -6.91966772]
18:09:50.698924,698924,76.37035101294614,77.0875761447868,[15.81163597 15.83684349 -9.15445232],[14.92246628 15.45349216 -7.03595877],[15.59639931 17.06075668 -6.91489935]
18:09:50.702923,702923,76.42156145880857,12.805812918835615,[15.81187057 15.83614445 -9.15715694],[14.9225111  15.45546246 -7.03581667],[15.5985384  17.06119728 -6.91488552]
18:09:50.707898,707898,76.4525993019709,6.238762444690996,[15.81681347 15.83158588 -9.15829563],[14.92278004 15.45545387 -7.04166889],[15.59812546 17.06252098 -6.92108154]
18:09:50.711945,711945,76.45692960007008,1.0700020012791804,[15.816432   15.83040905 -9.15988255],[14.92779255 15.45483685 -7.04052067],[15.596385   17.06364632 -6.92434549]
18:09:50.715945,715945,76.59602512663234,34.7738816405645,[15.81329632 15.83003426 -9.16353035],[14.93034554 15.45312405 -7.04086924],[15.5991478  17.06347084 -6.92140865]
18:09:50.719945,719945,76.46249259797818,33.383132163539386,[15.81210423 15.8334322  -9.1598978 ],[14.93094444 15.45248318 -7.04106045],[15.60267544 17.06344604 -6.92166328]
18:09:50.723897,723897,76.62341712721847,40.71976954460788,[15.81168175 15.82968712 -9.16474342],[14.93309116 15.45170021 -7.04181528],[15.60158253 17.06471825 -6.92205286]
18:09:50.728898,728898,76.7080040393924,16.91399963485956,[15.80972004 15.82852268 -9.16729927],[14.93684673 15.44717312 -7.04448652],[15.60144806 17.06513405 -6.92240906]
18:09:50.732927,732927,77.11394365359426,100.75443390465517,[15.80966473 15.82119465 -9.17432022],[14.93466473 15.44868469 -7.04880905],[15.60126972 17.06832314 -6.91961098]
18:09:50.736933,736933,77.09444900271674,4.866363174617796,[15.80994129 15.82171822 -9.17128086],[14.93325615 15.44888783 -7.04887486],[15.60306263 17.06979561 -6.91802502]
18:09:50.740898,740898,77.24688958911112,38.446553945618405,[15.81179905 15.81364536 -9.17655849],[14.93174934 15.4538908  -7.04561043],[15.6034441  17.07014847 -6.91952944]
18:09:50.745105,745105,77.27538375015354,6.773035664943422,[15.81303024 15.81076336 -9.1746788 ],[14.93262196 15.45171833 -7.04992342],[15.60194302 17.07134247 -6.92290354]
18:09:50.748946,748946,77.44672695384357,44.60900903150967,[15.80988121 15.80567455 -9.17856693],[14.93443203 15.44828701 -7.05309057],[15.60098171 17.07333946 -6.92426014]
18:09:50.752945,752945,77.74151017014138,73.71423263261212,[15.81043243 15.79812908 -9.18078709],[14.94199944 15.43960953 -7.0568943 ],[15.6007061  17.07568741 -6.92205429]
18:09:50.757898,757898,77.47857931620206,53.085171399015465,[15.80964088 15.7970686  -9.17670536],[14.94535542 15.43843746 -7.05334902],[15.60673809 17.0710125  -6.92680836]
18:09:50.761899,761899,77.8399506651967,90.32025718436334,[15.81558132 15.78048897 -9.18319893],[14.94524097 15.43743038 -7.0553751 ],[15.61236477 17.06843758 -6.92611265]
18:09:50.765924,765924,78.21365971380632,92.84696859866494,[15.81274414 15.76424599 -9.1978302 ],[14.95599079 15.43216515 -7.04750586],[15.61702824 17.06842995 -6.92439175]
18:09:50.769925,769925,78.21734451825083,0.9209708684088221,[15.80871582 15.7643671  -9.1935463 ],[14.95584583 15.43059826 -7.04688597],[15.62424278 17.06532478 -6.92025232]
18:09:50.773897,773897,78.66076565839207,111.63674223092643,[15.80716324 15.74762917 -9.20454216],[14.96382332 15.42151451 -7.04861307],[15.6253767  17.06429482 -6.91992426]
18:09:50.778898,778898,78.61629058710733,8.893235609825355,[15.8130722  15.73970222 -9.19928455],[14.96803188 15.41804504 -7.04296923],[15.6227541  17.0680809  -6.92108917]
18:09:50.782897,782897,78.87066033591479,63.60833928668737,[15.81586361 15.73442936 -9.1933012 ],[14.9659586  15.41746998 -7.04735804],[15.62391949 17.07096291 -6.91648674]
18:09:50.786900,786900,78.65020324807773,55.07296723384006,[15.81674957 15.72914219 -9.1913023 ],[14.97233105 15.41487217 -7.03954792],[15.62313557 17.0696373  -6.92266178]
18:09:50.790899,790899,79.25503436719673,151.24559117754393,[15.81857872 15.70999908 -9.20091915],[14.96944141 15.41839504 -7.03920841],[15.62789726 17.0686779  -6.91748333]
18:09:50.794898,794898,79.79180547803334,134.2263342927259,[15.81799793 15.69106293 -9.20723057],[14.9721632  15.41066933 -7.04434061],[15.63405704 17.06551552 -6.91351128]
18:09:50.798941,798941,79.85664465686045,16.03739273487858,[15.8159132  15.68352985 -9.21097565],[14.97648811 15.40607357 -7.04313946],[15.63538837 17.06440353 -6.91600466]
18:09:50.803898,803898,79.70338257432749,30.918314007052974,[15.80773258 15.68696308 -9.20184517],[14.97250175 15.40928459 -7.04415464],[15.63993263 17.06151772 -6.91802073]
18:09:50.807929,807929,80.37704760230363,167.12106871152122,[15.80868053 15.66580105 -9.21452332],[14.97817421 15.40509892 -7.03865433],[15.64041042 17.0650692  -6.90960741]
18:09:50.811924,811924,80.45923415626812,20.572353933539517,[15.80993366 15.65247536 -9.21578121],[14.98404026 15.40224838 -7.0318675 ],[15.64248371 17.06311035 -6.91169739]
18:09:50.815928,815928,80.68037313222483,55.22951447470168,[15.81589317 15.63606071 -9.21755505],[14.98771954 15.39692497 -7.03153372],[15.65033531 17.05752182 -6.91078901]
18:09:50.819898,819898,80.73460193242632,13.659647405915791,[15.81092644 15.6234026  -9.22183323],[14.98829556 15.39509106 -7.02863216],[15.64899349 17.05771065 -6.91744518]
18:09:50.823897,823897,80.54452796501651,47.53037444606201,[15.80772877 15.62688923 -9.20866585],[14.99363995 15.38717365 -7.02784014],[15.65235138 17.05581856 -6.91539192]
18:09:50.827923,827923,80.98568732526026,109.57758575353823,[15.80026817 15.61460972 -9.220891  ],[14.99882984 15.38101578 -7.02484083],[15.65341854 17.05887413 -6.90997839]
18:09:50.832898,832898,81.53232496478681,109.8769124676485,[15.80542374 15.59810829 -9.21836376],[15.00082397 15.3788023  -7.02052021],[15.6596899  17.0585041  -6.89655304]
18:09:50.836922,836922,81.60339531458028,17.66161774191676,[15.80356407 15.58658695 -9.21897125],[15.00885582 15.36984348 -7.01124811],[15.66827774 17.05354118 -6.8910284 ]
18:09:50.840899,840899,82.01009391582558,102.26266060983048,[15.80504894 15.56751633 -9.22160149],[15.01429844 15.36427212 -7.01123476],[15.67290211 17.05314445 -6.88954258]
18:09:50.844922,844922,82.34824326144015,84.05402575554753,[15.80517864 15.55161381 -9.22207546],[15.01991749 15.35763931 -7.00867081],[15.67245293 17.05516243 -6.88679647]
18:09:50.848923,848923,82.5234752342715,43.79704394685208,[15.80720425 15.53050804 -9.2270422 ],[15.01525593 15.35528278 -7.01329947],[15.66642857 17.05496979 -6.89854765]
18:09:50.852923,852923,82.47263391976611,12.710328626347689,[15.80581093 15.51897049 -9.22144032],[15.02447605 15.34400749 -7.01452398],[15.67438889 17.04563522 -6.90383101]
18:09:50.857928,857928,82.99424638334787,104.21827444191024,[15.79636002 15.51134872 -9.23013496],[15.02395725 15.34296322 -7.01287508],[15.67846012 17.04581451 -6.89229679]
18:09:50.861898,861898,83.0263436754983,8.084960239401765,[15.79615784 15.50500107 -9.21618557],[15.02734756 15.3350935  -7.01767731],[15.67135811 17.05149269 -6.89675713]
18:09:50.865898,865898,83.08667694523344,15.08331743378477,[15.79112244 15.48970509 -9.22132015],[15.03735542 15.32495117 -7.00786257],[15.6714716  17.05152321 -6.89828539]
18:09:50.869898,869898,83.80993124477739,180.81357488598826,[15.79650879 15.45745087 -9.23252773],[15.04080296 15.31938648 -7.00835514],[15.67601395 17.05025673 -6.8958087 ]
18:09:50.873897,873897,84.19776105355729,96.98169761937939,[15.78536224 15.44147301 -9.24382496],[15.03872108 15.31699753 -7.00926399],[15.67977428 17.04761124 -6.89602184]
18:09:50.878897,878897,84.39266447262443,38.980683813429096,[15.7807312  15.42898369 -9.24619484],[15.03906822 15.31423283 -7.00866127],[15.68509579 17.04185104 -6.89636755]
18:09:50.882922,882922,84.63429979610703,60.03362074101805,[15.7809248  15.41588116 -9.24192619],[15.04666424 15.30254269 -7.00927114],[15.6849966  17.04346657 -6.89406157]
18:09:50.886898,886898,84.93941142841892,76.73833810661263,[15.78711891 15.38868141 -9.24241447],[15.05051327 15.29951763 -6.99838018],[15.68900299 17.04145432 -6.89222908]
18:09:50.890898,890898,85.39832485600064,114.72835689543004,[15.78526211 15.37171555 -9.24271965],[15.04609776 15.29988098 -7.0023613 ],[15.68889904 17.04197502 -6.89164877]
18:09:50.894935,894935,85.77939233276255,94.39372721375113,[15.76841927 15.36328316 -9.25762558],[15.04713249 15.29802608 -6.9994936 ],[15.69104862 17.04275513 -6.88739586]
18:09:50.898926,898926,85.7190877250042,15.110149776585875,[15.7643795  15.35565758 -9.25262833],[15.05406094 15.29328251 -6.98851442],[15.69000149 17.04339218 -6.88673162]
18:09:50.902923,902923,86.09447725686671,93.91782133162617,[15.77218914 15.33226013 -9.24850845],[15.05315876 15.29004765 -6.98751879],[15.69403553 17.04237366 -6.88457489]
18:09:50.907924,907924,87.10028960935713,201.12224604887487,[15.76451969 15.31388092 -9.25903225],[15.05269051 15.28546715 -6.9949379 ],[15.70532417 17.03936386 -6.86721563]
18:09:50.911899,911899,87.47210123720475,93.53751643965288,[15.75531673 15.29494286 -9.26939106],[15.05424118 15.28259468 -6.98974752],[15.70762157 17.03787804 -6.86591673]
18:09:50.915925,915925,87.60285154266008,32.47647924871393,[15.75406361 15.27631378 -9.26752853],[15.06072617 15.27142239 -6.98974323],[15.69672108 17.04531288 -6.87488556]
18:09:50.919924,919924,87.69649318723962,23.416265211189977,[15.75643635 15.25702667 -9.26409054],[15.06954479 15.25986862 -6.985888  ],[15.70229721 17.0403862  -6.87678862]
18:09:50.923897,923897,88.42391715765447,183.09186267678004,[15.75445366 15.23240566 -9.27292252],[15.07901287 15.24845886 -6.98253965],[15.69748974 17.04912758 -6.86746645]
18:09:50.927925,927925,88.85939012856609,108.11146249047133,[15.75517654 15.20727539 -9.28401279],[15.07213783 15.251688   -6.98130941],[15.70863247 17.03965569 -6.8664794 ]
18:09:50.932923,932923,89.04621328402527,37.379582925006034,[15.74733829 15.19369316 -9.28369427],[15.07272434 15.24684715 -6.97960091],[15.71092796 17.03497696 -6.86698961]
18:09:50.936930,936930,89.40110704072634,88.56844439757272,[15.73518181 15.18282604 -9.28387165],[15.06648064 15.24580765 -6.98151255],[15.70925522 17.03782463 -6.86461306]
18:09:50.940898,940898,90.14859682048575,188.37948078614045,[15.7292366  15.15462685 -9.29690742],[15.0774889  15.2313633  -6.98408508],[15.71518803 17.03624344 -6.8590951 ]
18:09:50.944942,944942,90.35252915832119,50.42837236286836,[15.72814751 15.13542652 -9.29932785],[15.08005714 15.22694874 -6.9782691 ],[15.71783161 17.03747177 -6.85928488]
18:09:50.948923,948923,90.68240725319383,82.86312355504654,[15.72567749 15.1183567  -9.29634094],[15.08208561 15.21978092 -6.97803593],[15.71693039 17.03720856 -6.85744286]
18:09:50.952900,952900,91.04454716695678,91.05856519058219,[15.71942234 15.10218811 -9.29753876],[15.08123112 15.21410561 -6.98616791],[15.71699905 17.03674507 -6.86225796]
18:09:50.957902,957902,91.43938870842064,78.93673359933261,[15.71976566 15.07910347 -9.30334949],[15.07722282 15.21080303 -6.99144077],[15.71332932 17.0367775  -6.8680768 ]
18:09:50.961925,961925,91.98421478707323,135.42780975704468,[15.7244997  15.04761314 -9.31087112],[15.09560585 15.18953037 -6.98993111],[15.71262932 17.03575897 -6.86553526]
18:09:50.965923,965923,91.81359679757063,42.67583529329728,[15.70913792 15.04139805 -9.31763744],[15.09915161 15.18542385 -6.97893953],[15.71898651 17.03056145 -6.86702204]
18:09:50.969924,969924,92.84789428273001,258.5097438538828,[15.71760368 14.99923706 -9.32746792],[15.09657288 15.17993736 -6.9872427 ],[15.72027206 17.03085327 -6.86376667]
18:09:50.973897,973897,93.36977726294401,131.35740755449336,[15.70755672 14.98179817 -9.33776474],[15.09528351 15.17321968 -6.99493408],[15.71377373 17.03524399 -6.86560154]
18:09:50.977898,977898,93.50369660930689,33.471468723537406,[15.70011806 14.97266483 -9.33150291],[15.08740616 15.17538166 -6.99402094],[15.71831512 17.03192329 -6.86506844]
18:09:50.982897,982897,93.83386307312361,66.04650206375753,[15.69916058 14.95211315 -9.3275032 ],[15.09085083 15.16811371 -6.99234486],[15.72004223 17.03125572 -6.86406994]
18:09:50.986898,986898,93.92969696711295,23.952485375990154,[15.6862669  14.93526077 -9.34119511],[15.09489727 15.16070938 -6.98855352],[15.71777916 17.03050613 -6.87104702]
18:09:50.990929,990929,94.58796666410996,163.30183502778718,[15.69077396 14.90429401 -9.34578323],[15.09832859 15.15091896 -6.99462843],[15.71903801 17.02862549 -6.87088633]
18:09:50.994925,994925,95.07372357338403,121.56078810662491,[15.67539978 14.88453388 -9.35656166],[15.10227299 15.14117718 -6.99437141],[15.71879387 17.03051758 -6.86782551]
18:09:50.998924,998924,95.68500519036667,152.85861890038444,[15.67427063 14.85420513 -9.36613464],[15.09788704 15.13772297 -7.00101566],[15.71945572 17.02752495 -6.87143803]
18:09:51.003897,003897,95.7992634566673,0.11482931247155902,[15.66429901 14.84844208 -9.35603905],[15.09828091 15.12958431 -7.0029645 ],[15.72047901 17.02666283 -6.87061691]
18:09:51.007897,007897,96.44820756577356,162.23602727656328,[15.66151237 14.8030386  -9.39174843],[15.09789085 15.12785339 -6.99494839],[15.72088909 17.02517509 -6.87275219]
18:09:51.011898,011898,96.61852955236309,42.569854183835986,[15.65646553 14.79094982 -9.38509083],[15.09749603 15.1211834  -6.9969492 ],[15.72152996 17.02494049 -6.87440062]
18:09:51.015899,015899,96.99686820381763,94.56102260798332,[15.64314175 14.76868439 -9.40002728],[15.09989357 15.10598564 -7.00587893],[15.71836662 17.02605247 -6.88122702]
18:09:51.019924,019924,97.59266886976327,148.02501017283126,[15.64513397 14.73557663 -9.406497  ],[15.09121704 15.10657883 -7.00934601],[15.72061253 17.0259285  -6.88340616]
18:09:51.023897,023897,97.75827988486307,41.684121595720846,[15.64536285 14.71647167 -9.39964676],[15.09549809 15.09405422 -7.01466084],[15.72102928 17.02087021 -6.89099455]
18:09:51.028898,028898,98.17073228011056,82.47398425264637,[15.63209629 14.69266033 -9.41557312],[15.09627151 15.08697033 -7.01592302],[15.73020077 17.01251221 -6.89122963]
18:09:51.032925,032925,98.64622494854918,118.07615307638916,[15.63119984 14.66244984 -9.41709423],[15.09500694 15.08104515 -7.02007866],[15.72634315 17.01316833 -6.89805079]
18:09:51.036897,036897,98.93393166566585,72.4337152861725,[15.61785889 14.64743996 -9.42081928],[15.09832382 15.0718298  -7.02088356],[15.72236061 17.01411247 -6.89971685]
18:09:51.040899,040899,99.17803079927684,60.99428625961705,[15.61272907 14.62952137 -9.41386509],[15.09735203 15.0681715  -7.02117014],[15.72131634 17.01684952 -6.90429831]
18:09:51.044924,044924,99.80033646192315,154.61010252082284,[15.60000896 14.60430241 -9.43310642],[15.09608364 15.05285358 -7.03292942],[15.72047901 17.01717949 -6.90377951]
18:09:51.048928,048928,100.49422300198188,173.2983366780039,[15.58709621 14.57850266 -9.44859982],[15.10664463 15.02857685 -7.04785776],[15.72165012 17.01499748 -6.90350914]
18:09:51.052925,052925,101.22383162140652,182.53905915052252,[15.57326603 14.55201912 -9.46934223],[15.11192036 15.00657463 -7.06342793],[15.72283745 17.01199913 -6.90133333]
18:09:51.057898,057898,101.40320977978928,36.0704119008166,[15.57151604 14.50980854 -9.47898388],[15.10413837 15.01362324 -7.04377413],[15.723423   17.01038551 -6.90763474]
18:09:51.061897,061897,101.66715035198462,66.00164345969944,[15.56987858 14.48763275 -9.48578167],[15.09994125 15.01589584 -7.04241562],[15.7198267  17.0128231  -6.91391611]
18:09:51.065923,065923,102.1661008965675,123.9320776410538,[15.55979824 14.47329044 -9.48408794],[15.09398842 15.0117979  -7.05698872],[15.71436787 17.01495743 -6.92083693]
18:09:51.069923,069923,102.97807790631519,202.99425243692326,[15.56086731 14.43599606 -9.49273586],[15.08483505 15.01008797 -7.06465006],[15.7123127  17.01818275 -6.92100811]
18:09:51.073897,073897,103.04142509550508,15.94040996222536,[15.54392719 14.41964054 -9.5031662 ],[15.08576298 15.00529385 -7.05637217],[15.71447563 17.01499748 -6.92203712]
18:09:51.078899,078899,103.69807911634572,131.27829285098917,[15.54311275 14.39424229 -9.49840927],[15.08320332 14.99511719 -7.06918907],[15.7151041  17.01364899 -6.92298222]
18:09:51.082933,082933,104.60793341743889,225.54643061307934,[15.53747749 14.35609245 -9.5115509 ],[15.07966423 14.98862076 -7.0798831 ],[15.71395969 17.01469231 -6.92360115]
18:09:51.086924,086924,105.0480835778873,110.28568289862467,[15.54381466 14.32786751 -9.50156975],[15.07739639 14.98035336 -7.08722591],[15.71419907 17.01455688 -6.92920446]
18:09:51.090898,090898,105.62554399283658,145.30961624290032,[15.52879906 14.30046368 -9.52184963],[15.0790205  14.9731636  -7.08539295],[15.71757984 17.01702118 -6.92232466]
18:09:51.094900,094900,105.91556626296867,72.46933286658776,[15.51395798 14.27987671 -9.52690792],[15.07520294 14.96802902 -7.08933258],[15.72203445 17.010149   -6.92820597]
18:09:51.098933,098933,106.275781501491,89.31694483568786,[15.49973392 14.25436401 -9.53212261],[15.07344913 14.96239185 -7.0875988 ],[15.72144985 17.00916481 -6.93057632]
18:09:51.102923,102923,106.5620219014381,71.73944860829678,[15.49183941 14.23322105 -9.53549004],[15.07203293 14.95364761 -7.09438324],[15.71892071 17.00931549 -6.93897343]
18:09:51.107897,107897,107.56484497945435,201.61300321999371,[15.48191452 14.19013691 -9.56265926],[15.06695175 14.94004536 -7.10993767],[15.72136116 17.00868607 -6.93586826]
18:09:51.111924,111924,107.80261906290508,59.044967333183685,[15.47818089 14.17442799 -9.54593086],[15.0687685  14.93303967 -7.11133289],[15.72004318 17.00962448 -6.9408412 ]
18:09:51.115923,115923,107.84045782010728,9.462054814252308,[15.45686531 14.1625452  -9.54902649],[15.07013416 14.92654037 -7.10763645],[15.71564674 17.01175499 -6.94731522]
18:09:51.119925,119925,108.4390196340913,149.5656706606746,[15.45372009 14.12505531 -9.55713749],[15.06651878 14.92292404 -7.10473824],[15.71587467 17.01431465 -6.94410372]
18:09:51.123897,123897,109.12067383488937,171.61485417877105,[15.44688511 14.08668518 -9.5695343 ],[15.06071186 14.91819477 -7.11058426],[15.71365929 17.01610374 -6.94724178]
18:09:51.128901,128901,109.3347575863333,42.78252426936904,[15.42722416 14.06489849 -9.58069897],[15.06350136 14.91142464 -7.10467482],[15.71447563 17.01628876 -6.94839621]
18:09:51.132898,132898,109.36592518918793,7.797749025428389,[15.42178631 14.04166317 -9.57056046],[15.06695747 14.90151787 -7.09848976],[15.71562481 17.01425552 -6.9555912 ]
18:09:51.136925,136925,109.98016639159295,152.53071825304485,[15.41483402 14.00763988 -9.57390499],[15.06745243 14.89521694 -7.09791708],[15.71708584 17.01668167 -6.95318556]
18:09:51.140898,140898,110.75504786112232,195.0368662293924,[15.41202736 13.97706985 -9.56914902],[15.05661297 14.88959312 -7.1110301 ],[15.71810913 17.01874161 -6.95317507]
18:09:51.144899,144899,110.83781892455369,20.687593959351684,[15.39168262 13.95716095 -9.57423878],[15.06203747 14.87950897 -7.10496187],[15.71797276 17.01757431 -6.95833778]
18:09:51.148935,148935,111.28995940172251,112.02687739564553,[15.37775517 13.93462753 -9.57746792],[15.05955601 14.87214088 -7.10903883],[15.71911526 17.01869202 -6.95883179]
18:09:51.152934,152934,111.72492504756126,108.76860361058873,[15.36109543 13.89957428 -9.59834003],[15.05758286 14.86295891 -7.11000443],[15.72116852 17.01791    -6.96064234]
18:09:51.157900,157900,111.91665104974795,38.60773302188844,[15.34820175 13.89340019 -9.57604027],[15.04483509 14.86431408 -7.11735535],[15.71886921 17.01909065 -6.97119141]
18:09:51.161899,161899,112.6568484385231,185.09562109906074,[15.34662437 13.84869957 -9.58206463],[15.05086994 14.85372543 -7.11520338],[15.72353745 17.01910973 -6.9657445 ]
18:09:51.165933,165933,113.08316068225925,105.67978278040377,[15.33695316 13.81459236 -9.58669662],[15.04953861 14.84683418 -7.11519194],[15.72549343 17.01821709 -6.96967745]
18:09:51.169900,169900,113.5925221892698,128.39967406366344,[15.31886292 13.80117607 -9.58052254],[15.04798985 14.8357029  -7.12164211],[15.72175503 17.02511978 -6.966506  ]
18:09:51.173901,173901,114.32522874304719,183.130855730415,[15.31762981 13.74774075 -9.59235764],[15.04381943 14.83085632 -7.1229744 ],[15.71441364 17.03003502 -6.97149467]
18:09:51.178900,178900,114.35141743401815,5.238785951381187,[15.30948353 13.73622799 -9.57232285],[15.05105686 14.81613827 -7.11848497],[15.71713257 17.02990913 -6.97427654]
18:09:51.182926,182926,114.97056146182845,153.78639538259,[15.2900629  13.70598507 -9.58039474],[15.04616451 14.81334114 -7.11730146],[15.72062874 17.02867889 -6.96804428]
18:09:51.186923,186923,115.5698386353469,149.9317421862509,[15.28764439 13.66926956 -9.57606602],[15.04187679 14.80868626 -7.11634684],[15.7236948  17.02833176 -6.96503878]
18:09:51.190898,190898,115.73806800533681,42.321854085513515,[15.27240658 13.64479256 -9.57443523],[15.05064487 14.79165077 -7.11479664],[15.72108459 17.02856827 -6.97264242]
18:09:51.194897,194897,115.98765885769765,62.41331641931463,[15.2546978  13.62755203 -9.57102394],[15.04461575 14.78813934 -7.11254787],[15.7240572  17.02716827 -6.97228718]
18:09:51.198899,198899,116.76766389054744,194.90380630929187,[15.25499153 13.58272552 -9.57314491],[15.03496647 14.78483582 -7.11901569],[15.72324085 17.02954674 -6.9732995 ]
18:09:51.203897,203897,117.39200228553885,124.91764605670505,[15.24295139 13.55445099 -9.56668663],[15.02678394 14.78299618 -7.12360573],[15.72353172 17.02971077 -6.97417355]
18:09:51.207924,207924,117.71311022585692,79.73874852696098,[15.23044872 13.52731323 -9.55973911],[15.02970982 14.77318382 -7.117908  ],[15.72468853 17.02943802 -6.973804  ]
18:09:51.211898,211898,118.25277217815571,135.79817622012737,[15.22114086 13.49370003 -9.55739498],[15.02491856 14.76654625 -7.11774778],[15.73222065 17.02637863 -6.96993542]
18:09:51.215947,215947,118.81010560030514,137.64717761161432,[15.20917416 13.46249008 -9.55525875],[15.02265835 14.76029015 -7.1164155 ],[15.73048973 17.03180504 -6.9666996 ]
18:09:51.219925,219925,119.15731212544985,87.28168052908833,[15.20656013 13.43949318 -9.53213501],[15.02646446 14.74401474 -7.11769629],[15.72958946 17.03299713 -6.97059059]
18:09:51.223897,223897,119.43146349027742,69.02098812375986,[15.1930151  13.40595531 -9.53314686],[15.02850628 14.73760796 -7.10790205],[15.73216724 17.03269577 -6.97006273]
18:09:51.227897,227897,119.82576268625161,98.57479899354615,[15.18296242 13.37826157 -9.52107048],[15.02871323 14.73004341 -7.10456276],[15.73326015 17.03189659 -6.97111416]
18:09:51.232923,232923,120.16260730735202,67.02041804624179,[15.16349411 13.35425854 -9.51653004],[15.02828312 14.72327232 -7.09831095],[15.73847771 17.03063393 -6.96723318]
18:09:51.236898,236898,120.53721918623032,94.2419821077479,[15.16281891 13.3067627  -9.51717949],[15.02133369 14.71945858 -7.09088755],[15.73849869 17.03120232 -6.96834898]
18:09:51.240936,240936,120.86751542117132,81.79698735537453,[15.14362812 13.2954998  -9.49782944],[15.01793671 14.71122169 -7.08804083],[15.7459259  17.03145027 -6.96279764]
18:09:51.244898,244898,121.27154886963966,101.97714499453303,[15.12674618 13.26085281 -9.49842262],[15.01231956 14.70943928 -7.08403206],[15.75225258 17.02630806 -6.96369648]
18:09:51.248923,248923,121.39489228150569,30.64432592944876,[15.11147404 13.24325371 -9.48111153],[15.01801109 14.69776535 -7.07066011],[15.7619381  17.02249336 -6.95709276]
18:09:51.253899,253899,121.73187975139753,67.72256227729864,[15.1062727  13.21256447 -9.46241093],[15.01912022 14.6847353  -7.06554651],[15.7638092  17.02119255 -6.95773888]
18:09:51.257899,257899,122.26731985404383,133.8600256615763,[15.09604645 13.17124367 -9.46181583],[15.0194273  14.67572975 -7.06221628],[15.7659893  17.01934814 -6.95586205]
18:09:51.261956,261956,122.80313008536385,132.07055245748424,[15.08563519 13.14520931 -9.44896984],[15.0138998  14.66572094 -7.0675087 ],[15.76408672 17.01781273 -6.95772123]
18:09:51.265934,265934,123.52001342034254,180.2119997432603,[15.06635761 13.12810135 -9.42790699],[15.01532555 14.65642452 -7.07117462],[15.763237   17.02473259 -6.95406532]
18:09:51.269933,269933,123.31148785180194,52.14442824220905,[15.05000019 13.09895134 -9.42422485],[15.01171112 14.65622807 -7.05100441],[15.76061058 17.02549934 -6.96016979]
18:09:51.273900,273900,123.58324671629143,68.50488139387059,[15.04589844 13.06635475 -9.40450573],[15.00745106 14.65213203 -7.04161406],[15.76450443 17.02161598 -6.96139669]
18:09:51.277899,277899,124.33252244937324,187.36577471413267,[15.03682613 13.02150917 -9.4044466 ],[15.00693035 14.64123154 -7.04557037],[15.77036572 17.02028656 -6.95896339]
18:09:51.282897,282897,124.63001205842244,59.52173050203959,[15.02095032 12.99306774 -9.39796448],[15.00330257 14.63452244 -7.03640652],[15.76901817 17.02161789 -6.95397949]
18:09:51.286898,286898,125.14955959009664,129.8544193137231,[15.01358795 12.96189499 -9.38183308],[14.99893188 14.63057613 -7.03302097],[15.77754116 17.01579475 -6.9497714 ]
18:09:51.290898,290898,125.47856913067902,82.25238514559408,[15.00470543 12.93435955 -9.35941982],[14.9994173  14.61953735 -7.02740479],[15.77541256 17.01592255 -6.95281839]
18:09:51.294898,294898,125.90277830705782,106.05229409469885,[14.9924984  12.89882278 -9.3503027 ],[14.9974823  14.61036301 -7.02003527],[15.77986145 17.01553726 -6.94726038]
18:09:51.298899,298899,126.49790094268837,148.74347303938006,[14.97310543 12.8662796  -9.35122299],[14.99851894 14.60328102 -7.01306677],[15.78165913 17.01722908 -6.93346882]
18:09:51.302937,302937,127.37090397564049,216.19688780389123,[14.96868515 12.84106064 -9.32422256],[14.99589062 14.59362698 -7.01703024],[15.78373718 17.02211952 -6.92359686]
18:09:51.307900,307900,127.73989114878273,74.3476069196543,[14.96296024 12.81017876 -9.30585003],[14.99234009 14.58412647 -7.01761293],[15.7866621  17.01978111 -6.93068743]
18:09:51.311925,311925,127.5025089848483,58.976935138988104,[14.95019913 12.78090668 -9.29452705],[15.00057507 14.57123184 -7.00105   ],[15.78700161 17.01519203 -6.94246435]
18:09:51.315899,315899,127.74631201214429,61.34952876094165,[14.94781971 12.73838139 -9.28533173],[15.00654888 14.56526947 -6.98367548],[15.79100037 17.01371384 -6.9369278 ]
18:09:51.319898,319898,128.24965659231927,125.8676119467322,[14.94049072 12.71018887 -9.26875019],[14.99783802 14.56156063 -6.98460913],[15.79193401 17.01178551 -6.93719912]
18:09:51.323898,323898,128.7466743647225,124.25444310080991,[14.92039204 12.69077206 -9.25334263],[15.00285435 14.55024242 -6.98291063],[15.7947216  17.01240158 -6.93461895]
18:09:51.328898,328898,129.27953846360728,106.57281977695447,[14.91850567 12.65098667 -9.24147415],[15.00012493 14.54516888 -6.98092318],[15.80017185 17.00810242 -6.93341494]
18:09:51.332899,332899,129.416316380766,34.18593280647949,[14.9099741  12.62344265 -9.22762585],[15.00265598 14.53353405 -6.96979046],[15.80093956 17.00954437 -6.93229342]
18:09:51.336898,336898,130.2431398125752,206.75754733913547,[14.90795994 12.58935165 -9.20600605],[14.99596786 14.53034401 -6.97494078],[15.79836845 17.01217079 -6.93094301]
18:09:51.340898,340898,130.4347227322147,47.89572990987523,[14.89606953 12.56086445 -9.19201565],[15.00287151 14.51708698 -6.9661479 ],[15.80404472 17.00766182 -6.9327507 ]
18:09:51.344937,344937,130.70450664221443,66.7947288932203,[14.87261486 12.54140186 -9.18396378],[14.99907017 14.5095892  -6.96584749],[15.80794621 17.004673   -6.93681574]
18:09:51.348898,348898,130.6283908153281,19.216315800640466,[14.8672266  12.51781654 -9.15626526],[15.00837135 14.49964333 -6.94472075],[15.80797005 17.00267601 -6.93871069]
18:09:51.352898,352898,131.04815180319267,104.94024696614446,[14.8598156  12.48152447 -9.14521313],[14.99931431 14.499259   -6.9380126 ],[15.80695629 17.00534439 -6.93478155]
18:09:51.357898,357898,131.09361476912483,9.092593186431941,[14.84816742 12.44339943 -9.13953495],[14.99705601 14.49617004 -6.92820215],[15.80997181 17.00021362 -6.9434042 ]
18:09:51.361955,361955,131.62945678242974,132.07838632115235,[14.83519459 12.41977024 -9.11445045],[15.00387478 14.48142529 -6.92436552],[15.81450272 16.99782372 -6.9397912 ]
18:09:51.365900,365900,132.22891738253452,151.95452474138838,[14.82516289 12.38893127 -9.10133934],[14.99380779 14.47827435 -6.92720366],[15.82164288 16.9943943  -6.93649054]
18:09:51.369933,369933,132.71852879054924,121.4012913500432,[14.812747   12.36344147 -9.08354568],[14.98735809 14.47430897 -6.92745304],[15.82073689 16.99339294 -6.93788433]
18:09:51.373899,373899,133.19735880685954,120.73374087501196,[14.7960968  12.33301544 -9.07468987],[14.98942089 14.46406651 -6.92387629],[15.83063126 16.98753548 -6.93134737]
18:09:51.378898,378898,133.49637205383362,59.81461231728031,[14.77135181 12.30842686 -9.07143497],[14.99294472 14.44929695 -6.92060518],[15.836833   16.98253059 -6.92903137]
18:09:51.382924,382924,134.03204936028212,133.05447254060886,[14.76515961 12.28530788 -9.03801441],[14.99009228 14.44359589 -6.91015244],[15.83854198 16.9848671  -6.91772556]
18:09:51.386925,386925,134.36865052524814,84.12925892677494,[14.7617712  12.25667    -9.00861835],[14.9854126  14.43638515 -6.90824509],[15.82980442 16.99105072 -6.93033171]
18:09:51.390898,390898,134.5002447262969,33.12212460326103,[14.73809338 12.23480225 -9.00030804],[14.98018932 14.42900085 -6.90658569],[15.82943916 16.98645592 -6.9400444 ]
18:09:51.394899,394899,134.59970902435168,24.859859548808732,[14.73419094 12.1956749  -8.98439407],[14.98098564 14.42043495 -6.8948431 ],[15.82240295 16.98965454 -6.94736004]
18:09:51.398924,398924,134.54563449750324,13.434665055512697,[14.72495842 12.17133904 -8.95476341],[14.98032951 14.41557598 -6.87620878],[15.83053589 16.98211098 -6.94991636]
18:09:51.402922,402922,135.30672164787262,190.36697107788325,[14.70431709 12.14644623 -8.95005989],[14.97174358 14.4094162  -6.88651466],[15.82802296 16.98217583 -6.94654417]
18:09:51.407900,407900,135.8249536570455,104.10446146502434,[14.68670177 12.12670135 -8.9285984 ],[14.97452927 14.39539146 -6.8874135 ],[15.82604027 16.98351479 -6.94874716]
18:09:51.411934,411934,136.01245062908563,46.479170064482524,[14.67142296 12.0954628  -8.91832066],[14.97293758 14.38848305 -6.8801918 ],[15.82930088 16.97930336 -6.95127583]
18:09:51.415933,415933,136.45254255437112,110.05049394485778,[14.6669035  12.06202316 -8.89945221],[14.96485043 14.38896751 -6.87662935],[15.82825375 16.97818756 -6.95176077]
18:09:51.419926,419926,136.9686071009546,129.24231068958008,[14.65148258 12.04000187 -8.87876225],[14.95759583 14.38576984 -6.87089634],[15.82618904 16.98247528 -6.94288874]
18:09:51.423899,423899,137.23891016798447,68.03500302790269,[14.6382122  12.00895119 -8.86976814],[14.9552145  14.37731361 -6.86508179],[15.82763577 16.98228073 -6.94125271]
18:09:51.427930,427930,137.67791984960965,108.90838045774743,[14.62426472 11.98948002 -8.84023762],[14.94900227 14.37458992 -6.86182404],[15.82954311 16.97969818 -6.94348001]
18:09:51.432897,432897,137.88003842839436,40.692284836864495,[14.61738491 11.96506119 -8.81806374],[14.94921112 14.36553288 -6.85054779],[15.82997227 16.98008156 -6.94063473]
18:09:51.436935,436935,138.1814572599343,74.64557492321292,[14.60091972 11.94809914 -8.79639721],[14.9426651  14.36325836 -6.84683609],[15.82799911 16.98017883 -6.94420528]
18:09:51.440957,440957,138.43544813597916,63.150391856008646,[14.58776665 11.92159176 -8.78176975],[14.93522358 14.36080456 -6.84137058],[15.8304081  16.97792435 -6.94434929]
18:09:51.444899,444899,139.00760756533205,145.14445189063767,[14.57497883 11.89409447 -8.76783752],[14.93195057 14.352355   -6.8468914 ],[15.8319149  16.97576141 -6.94703531]
18:09:51.448899,448899,139.1178313554522,27.55594753003976,[14.56347942 11.86843109 -8.75123692],[14.93391418 14.34590626 -6.83562374],[15.83070755 16.97507286 -6.94900322]
18:09:51.452947,452947,139.3990552115192,69.47229645923588,[14.55560017 11.84710598 -8.72208595],[14.93309879 14.34007549 -6.82769203],[15.82916737 16.97346497 -6.95216799]
18:09:51.457900,457900,139.80764014520548,82.4924154424157,[14.53404045 11.83657932 -8.70214558],[14.93176174 14.33229828 -6.82672405],[15.83055973 16.97231865 -6.95211172]
18:09:51.461924,461924,140.21786459173907,101.94444496361582,[14.51639938 11.81503963 -8.68759155],[14.92440033 14.32997704 -6.82456303],[15.82815552 16.97460556 -6.95017862]
18:09:51.465946,465946,140.37724880861649,39.628099671161884,[14.50972652 11.78931522 -8.66722298],[14.92188835 14.32355785 -6.81805325],[15.82583714 16.97364235 -6.95649576]
18:09:51.469948,469948,140.56620806487086,47.21620596061425,[14.49308109 11.770998   -8.64452648],[14.91229725 14.324687   -6.8125658 ],[15.82681561 16.9693985  -6.9623704 ]
18:09:51.473897,473897,140.6850038636285,30.082501584615176,[14.48315716 11.74132633 -8.62654114],[14.90637302 14.32433891 -6.80082178],[15.82839584 16.96760559 -6.96208811]
18:09:51.478898,478898,140.91318136042528,45.62637408453807,[14.46862125 11.71707153 -8.61155891],[14.90853214 14.31518936 -6.79460335],[15.82350349 16.96895599 -6.96545744]
18:09:51.482925,482925,141.27711251783566,90.3727731339402,[14.44833755 11.70392799 -8.59106827],[14.90975857 14.30847263 -6.79188442],[15.81851101 16.97191429 -6.96905851]
18:09:51.486923,486923,141.77976756007982,125.72662387297584,[14.43490028 11.68385696 -8.56913853],[14.90423679 14.3042841  -6.79297543],[15.81809807 16.97185135 -6.97057438]
18:09:51.490898,490898,142.14780557290112,92.58817932611362,[14.42515278 11.66097546 -8.54575634],[14.9020977  14.29507828 -6.78436089],[15.82194996 16.96878624 -6.96215916]
18:09:51.494898,494898,142.44496322609444,74.28941329833094,[14.42290401 11.63270855 -8.51772213],[14.89366817 14.29471779 -6.77932787],[15.81749249 16.96945572 -6.9684577 ]
18:09:51.498898,498898,142.75265138699493,76.92204022512072,[14.4111557  11.6048727  -8.49969673],[14.89068794 14.29104042 -6.77371645],[15.8191452  16.96795654 -6.96869802]
18:09:51.502925,502925,142.81781638921345,16.182021906759584,[14.39217186 11.59374428 -8.47290897],[14.88841629 14.28829193 -6.762187  ],[15.81712723 16.96833992 -6.97417879]
18:09:51.507899,507899,143.2899348102526,94.91725392825519,[14.37906361 11.57119751 -8.45713806],[14.88423252 14.28278542 -6.76363945],[15.8244791  16.96356583 -6.97209978]
18:09:51.511898,511898,143.53532143640268,61.361997036782554,[14.36318684 11.56423378 -8.42607975],[14.88021278 14.27690125 -6.75700378],[15.81739712 16.96626663 -6.97709703]
18:09:51.515924,515924,143.76793463437974,57.777744157242765,[14.34326744 11.54651928 -8.40854454],[14.87178612 14.27660656 -6.75594378],[15.81768608 16.9622097  -6.98495245]
18:09:51.519924,519924,143.977992778996,52.51453615406376,[14.33350372 11.51611137 -8.39756012],[14.86740971 14.27433014 -6.74938011],[15.81263447 16.96420288 -6.98447132]
18:09:51.523898,523898,144.41410625408298,109.74168975515444,[14.32060051 11.49775982 -8.37551785],[14.86427879 14.26734257 -6.74917555],[15.8116436  16.96359062 -6.98635721]
18:09:51.528897,528897,144.84102691546698,85.4012125193044,[14.3019619  11.48578262 -8.35859489],[14.85593414 14.26560783 -6.74639988],[15.81145954 16.96562386 -6.97852421]
18:09:51.532924,532924,144.8753339373979,8.519250541572898,[14.29611778 11.46000957 -8.33692646],[14.85800266 14.26335621 -6.7299571 ],[15.81391716 16.96484184 -6.97575617]
18:09:51.536924,536924,145.2048822092243,82.38706795660278,[14.28485203 11.44219685 -8.31678963],[14.8538599  14.26090431 -6.72789192],[15.81392193 16.96378326 -6.97781038]
18:09:51.540898,540898,145.79199713097796,147.73903416045613,[14.27215004 11.43181992 -8.28650093],[14.84821415 14.25795841 -6.72996616],[15.81208229 16.9639492  -6.97902107]
18:09:51.544925,544925,146.06891485151834,68.76526459905192,[14.26849365 11.40295792 -8.26357651],[14.83829117 14.26157284 -6.72630596],[15.81208229 16.96137047 -6.98260498]
18:09:51.548924,548924,146.4574855812785,97.16697418358267,[14.25050354 11.39298439 -8.24654102],[14.83763409 14.25527477 -6.72645521],[15.81358147 16.95885849 -6.98274422]
18:09:51.553899,553899,146.5625091554961,21.11026617439138,[14.2313776  11.37844276 -8.2336359 ],[14.83353329 14.25559616 -6.71899366],[15.80990887 16.95917892 -6.98371458]
18:09:51.557899,557899,146.96295951579052,100.11259007360707,[14.22642612 11.36239815 -8.19837856],[14.83675289 14.24813652 -6.71236372],[15.80636501 16.95978546 -6.98650885]
18:09:51.561899,561899,147.41084533511662,111.97145483152582,[14.22176838 11.33387184 -8.18074036],[14.83340073 14.24326897 -6.71182823],[15.80099678 16.96241951 -6.98597002]
18:09:51.565923,565923,147.46817675160773,14.247369903357262,[14.20317364 11.32800102 -8.15584278],[14.83280563 14.2408886  -6.69853306],[15.79483891 16.9661274  -6.98721361]
18:09:51.569924,569924,148.08546022074336,154.2822967097297,[14.19502544 11.3099041  -8.13001728],[14.82886219 14.23641682 -6.69984293],[15.79389095 16.96887779 -6.98406458]
18:09:51.573898,573898,148.32862392093583,61.18865128144652,[14.18499184 11.29117298 -8.1115036 ],[14.82115936 14.23773098 -6.69673443],[15.79467201 16.96463585 -6.98504972]
18:09:51.578897,578897,148.55773187663803,45.83075729189927,[14.17277145 11.27901745 -8.08417892],[14.81829453 14.23453808 -6.68745852],[15.79925632 16.96191978 -6.98234224]
18:09:51.582923,582923,148.7145466867429,38.950524119439166,[14.16491699 11.25844669 -8.0633316 ],[14.8155117  14.23145008 -6.68408966],[15.7963171  16.96129417 -6.99196339]
18:09:51.586899,586899,149.21926509238523,126.94124890400808,[14.14420605 11.24943066 -8.04460239],[14.81289005 14.22667217 -6.68584967],[15.79516983 16.96101379 -6.99062872]
18:09:51.590937,590937,149.61977645103556,99.18557668408474,[14.14341259 11.22671127 -8.01173496],[14.81306171 14.22120571 -6.67936468],[15.79526043 16.95916367 -6.9902463 ]
18:09:51.594910,594910,150.1889230387002,143.2536087753958,[14.13095474 11.21366405 -7.98698092],[14.80897045 14.21822548 -6.68047905],[15.79786873 16.95775223 -6.98654318]
18:09:51.598926,598926,150.4437735472241,63.45879196312288,[14.11384296 11.20277309 -7.96926737],[14.79996586 14.21843624 -6.68052483],[15.79360485 16.95813751 -6.99211073]
18:09:51.603898,603898,150.55574337064783,22.52007711659705,[14.1065731  11.18410301 -7.94425154],[14.79865742 14.21703529 -6.66963768],[15.78993702 16.95944405 -6.99417734]
18:09:51.607899,607899,151.0551512700546,124.82076965927925,[14.09506035 11.16964054 -7.91809893],[14.79196548 14.21551418 -6.66980267],[15.79021358 16.95795059 -6.99278069]
18:09:51.611898,611898,151.00318216168674,12.995525973461072,[14.08422375 11.14986324 -7.90114594],[14.78788185 14.2166338  -6.65824127],[15.78437996 16.95954514 -6.99625778]
18:09:51.615925,615925,151.41828804288423,103.0806757381402,[14.07632542 11.13136578 -7.87802362],[14.78248787 14.21247387 -6.66206121],[15.7790556  16.9580307  -7.00478554]
18:09:51.619945,619945,151.79422524708514,93.5167174629127,[14.06392002 11.12389851 -7.84728909],[14.77526855 14.21133137 -6.65935087],[15.78055286 16.95537758 -7.00597572]
18:09:51.623899,623899,152.04616973139662,63.71888829324222,[14.05007839 11.10453033 -7.8327527 ],[14.77336216 14.20995522 -6.65127754],[15.78069115 16.95524979 -6.99749279]
18:09:51.628899,628899,152.41883784165233,74.53362205114331,[14.04314518 11.08583641 -7.80955076],[14.76947021 14.20584869 -6.65185022],[15.77827168 16.95293617 -7.001966  ]
18:09:51.632934,632934,153.06754879013724,160.77099095040998,[14.03168201 11.07530117 -7.77844238],[14.76206684 14.20429134 -6.65267277],[15.7760601  16.95502281 -6.99710321]
18:09:51.636897,636897,153.28975231676554,56.06952476111677,[14.01840401 11.06228161 -7.76069069],[14.75770569 14.20166302 -6.64794827],[15.77285099 16.95604897 -6.99665022]
18:09:51.640898,640898,153.39646000933683,26.67025557892804,[14.01108646 11.04897881 -7.73195696],[14.75579166 14.19859886 -6.63844919],[15.76945305 16.95565796 -7.00195074]
18:09:51.644897,644897,153.52812475304336,32.92441703088843,[13.99922371 11.03521919 -7.71304989],[14.75314236 14.19590187 -6.63020992],[15.77280998 16.95232391 -6.99915171]
18:09:51.648897,648897,154.17707393525657,162.2372955533038,[13.98850346 11.02038956 -7.68946075],[14.74636078 14.19219971 -6.63549948],[15.77110481 16.95362282 -6.99672413]
18:09:51.652902,652902,154.5127525972028,83.81489686547276,[13.97211933 11.01585293 -7.6662755 ],[14.74103642 14.19121361 -6.63078022],[15.76586246 16.95666313 -6.9940238 ]
18:09:51.657899,657899,154.86085354572674,69.6619868969281,[13.9649334  10.99991131 -7.64462328],[14.73722553 14.18910885 -6.62948751],[15.7595129  16.95825958 -6.99582195]
18:09:51.661935,661935,155.04062568464062,44.542155330494495,[13.95508194 10.99058628 -7.61645365],[14.73185158 14.1871376  -6.62115431],[15.75792503 16.95707321 -6.99634266]
18:09:51.665899,665899,155.54950442314998,128.37506016886144,[13.94602299 10.97787189 -7.59343052],[14.7238903  14.18666363 -6.62183332],[15.7399826  16.96599579 -6.99587345]
18:09:51.669935,669935,155.4004529575983,36.930491960277266,[13.93522072 10.96483898 -7.57333088],[14.72472763 14.18306637 -6.61380482],[15.74063015 16.95681763 -7.00995684]
18:09:51.673898,673898,155.82944301909097,108.24881692976768,[13.92517471 10.95608711 -7.54940844],[14.7234478  14.17862034 -6.61126614],[15.73990154 16.95420837 -7.0055747 ]
18:09:51.678898,678898,156.1426049106285,62.63237830750654,[13.91368294 10.94471264 -7.53116703],[14.72322464 14.17649364 -6.6000762 ],[15.73769379 16.96009636 -6.99017525]
18:09:51.682899,682899,156.7420592627216,149.8261314904,[13.90720558 10.92653561 -7.51353693],[14.71345615 14.17500114 -6.6092782 ],[15.73893261 16.95620537 -6.98822689]
18:09:51.686899,686899,156.94056249814452,49.62580885572976,[13.90205288 10.91364002 -7.48532104],[14.70647621 14.17760563 -6.60546255],[15.73413372 16.95671844 -6.99490356]
18:09:51.690937,690937,157.45942298708664,128.49442519616747,[13.88926697 10.91054726 -7.45703506],[14.70415878 14.1728735  -6.60310507],[15.7299118  16.95990181 -6.99098063]
18:09:51.694898,694898,157.4554805269343,0.9953194022546821,[13.88586235 10.89130306 -7.4390831 ],[14.70241165 14.16954136 -6.59492302],[15.72580814 16.95947647 -6.99520588]
18:09:51.698898,698898,157.68927729561565,58.44919217033606,[13.87525368 10.88300991 -7.41604042],[14.70161438 14.16484833 -6.59432983],[15.7215395  16.95809555 -7.00555944]
18:09:51.702898,702898,158.12967433674953,110.09926028346939,[13.8623848  10.87544441 -7.39594173],[14.69575024 14.16506577 -6.59358215],[15.71771908 16.95931244 -6.99984407]
18:09:51.707933,707933,158.04814280636666,16.19295538885311,[13.85739803 10.85972691 -7.37673759],[14.69177151 14.16607094 -6.58017111],[15.71648121 16.95874786 -6.99733782]
18:09:51.711898,711898,158.5227126070968,119.68973536699549,[13.84436703 10.85855103 -7.34666109],[14.68905926 14.16255188 -6.57754755],[15.71678066 16.95658493 -6.99410868]
18:09:51.715933,715933,158.94009303745892,103.44000752469134,[13.83511353 10.84743309 -7.32971573],[14.68646812 14.1577158  -6.58064127],[15.70791054 16.95992851 -6.99708319]
18:09:51.719899,719899,159.3705502069178,108.53685563764249,[13.83165932 10.83294868 -7.3077898 ],[14.68028355 14.15539837 -6.58158302],[15.70188999 16.96186447 -6.99525023]
18:09:51.723898,723898,159.4391104556466,17.144348269267528,[13.82367802 10.8225832  -7.28825903],[14.6751585  14.15529251 -6.57937241],[15.70406723 16.95489883 -7.00262499]
18:09:51.728898,728898,159.5889686298324,29.971634837158945,[13.81491566 10.81513977 -7.26863384],[14.66927814 14.15424633 -6.57486391],[15.70407772 16.95171738 -7.00223684]
18:09:51.732932,732932,159.79190543286583,50.306594703377286,[13.80548954 10.80620289 -7.25098705],[14.66128826 14.15379047 -6.56830835],[15.705369   16.95205879 -6.99296761]
18:09:51.736897,736897,160.31985656655885,133.15287104489855,[13.80071831 10.79985809 -7.22121239],[14.65678692 14.15072346 -6.57069302],[15.70350647 16.94921684 -6.9928956 ]
18:09:51.740935,740935,160.48927033399383,41.9548705881562,[13.78974628 10.79533672 -7.20073175],[14.65795326 14.14498806 -6.56506777],[15.69917011 16.94846916 -6.99677277]
18:09:51.744898,744898,160.71902965457562,57.97610915513293,[13.77984333 10.78720188 -7.18729258],[14.65245724 14.14285183 -6.56388283],[15.69662285 16.94797325 -6.99469805]
18:09:51.748934,748934,161.0040330378991,70.61530805834252,[13.77450657 10.77795982 -7.16784525],[14.6476841  14.14042568 -6.56111336],[15.69758034 16.94634628 -6.9895916 ]
18:09:51.753898,753898,161.26769452118054,53.11472265943856,[13.76978111 10.76888657 -7.14690733],[14.64545059 14.13636112 -6.5572772 ],[15.69183445 16.94700623 -6.98878145]
18:09:51.757899,757899,161.30959457776777,10.472396047794012,[13.76400471 10.76250076 -7.12693739],[14.64124489 14.13794708 -6.5483284 ],[15.69032001 16.94518661 -6.98634005]
18:09:51.761899,761899,161.74909938912785,109.8762028400202,[13.75503063 10.75865173 -7.1090374 ],[14.63765907 14.13514423 -6.54813623],[15.69214821 16.94385719 -6.97718   ]
18:09:51.765898,765898,161.85903942552378,27.491882069498924,[13.75082016 10.75440025 -7.08572578],[14.64022446 14.13020134 -6.53959751],[15.6905756  16.9404335  -6.97871017]
18:09:51.769925,769925,161.89437763970082,8.775320133361138,[13.74408531 10.75097561 -7.06555414],[14.63476467 14.13277149 -6.53331041],[15.68316746 16.94099236 -6.98304653]
18:09:51.773898,773898,162.15011185997403,64.36803933380608,[13.73913383 10.74090004 -7.05278206],[14.6364851  14.12749577 -6.53237677],[15.68175316 16.93929863 -6.98189592]
18:09:51.778897,778897,162.58645727558167,87.28654042961251,[13.73387718 10.73573017 -7.03044128],[14.63408184 14.12412167 -6.53107262],[15.67870712 16.94031715 -6.97627544]
18:09:51.782922,782922,162.69478286844182,26.9131907727092,[13.7285471  10.73084736 -7.01518583],[14.63564587 14.1193428  -6.52660751],[15.67939377 16.93652916 -6.97756481]
18:09:51.786898,786898,162.82332550815823,32.329637755637435,[13.7248106  10.72592163 -6.99634504],[14.62961292 14.12014484 -6.5180378 ],[15.67888546 16.93865967 -6.96896505]
18:09:51.790923,790923,163.1710192938815,86.3835492480163,[13.72323895 10.72374535 -6.97035265],[14.62879467 14.11768627 -6.51566124],[15.67569447 16.93858719 -6.96868753]
18:09:51.794924,794924,163.23481416850566,15.944732472922963,[13.71947479 10.71609879 -6.95761347],[14.62516499 14.11749363 -6.51057863],[15.67798328 16.93548965 -6.96442127]
18:09:51.798923,798923,163.24902982379334,3.5548025225484685,[13.71800041 10.70862007 -6.94411373],[14.62480736 14.11261559 -6.50854683],[15.67468643 16.93085098 -6.97276974]
18:09:51.802925,802925,163.50240206595936,63.31140483908619,[13.71151161 10.70954323 -6.92313719],[14.62360764 14.11190414 -6.50030184],[15.67195225 16.93444633 -6.96429539]
18:09:51.807899,807899,163.54655566193074,8.876878964893518,[13.71132374 10.6973114  -6.9192276 ],[14.61750984 14.11381912 -6.4994812 ],[15.67053318 16.93441963 -6.96014118]
18:09:51.811926,811926,163.73900880603438,47.79069880894907,[13.70752621 10.69628048 -6.90435457],[14.62074184 14.10856819 -6.49626923],[15.67269421 16.93093491 -6.95897913]
18:09:51.815899,815899,164.0549192207266,79.5143253692957,[13.70549679 10.69477367 -6.88490343],[14.61257839 14.11116314 -6.49623442],[15.67184544 16.9299202  -6.95234728]
18:09:51.819923,819923,164.19278238336992,34.26022928512116,[13.70526028 10.69019794 -6.8736167 ],[14.61786079 14.10538387 -6.49221849],[15.67427063 16.92642784 -6.95006704]
18:09:51.823899,823899,164.40403436611385,53.131786404409304,[13.70713806 10.68195343 -6.8623848 ],[14.61701775 14.10378933 -6.49017811],[15.67156029 16.92714119 -6.94409657]
18:09:51.827916,827916,164.47663655271361,18.073733283486828,[13.71147346 10.67646599 -6.8468852 ],[14.61819267 14.10130024 -6.48478746],[15.68104076 16.91826057 -6.93760157]
18:09:51.832899,832899,164.37088556185003,21.22235417691825,[13.70819759 10.67309189 -6.840415  ],[14.61898041 14.09964561 -6.4781208 ],[15.67128372 16.92162132 -6.94312048]
18:09:51.836924,836924,164.38699487877014,4.002314762759773,[13.71015453 10.66931725 -6.83217001],[14.62127495 14.09505558 -6.47251177],[15.66972923 16.92176056 -6.94146729]
18:09:51.840899,840899,164.38494706463027,0.5151733685210583,[13.71619034 10.6645689  -6.81784678],[14.62618256 14.09388542 -6.45953751],[15.67400265 16.9188385  -6.92910433]
18:09:51.844898,844898,164.36207863119287,5.718537993847261,[13.71314716 10.66122437 -6.82097101],[14.62931919 14.08960152 -6.45566988],[15.68469048 16.91279411 -6.91981602]
18:09:51.848924,848924,164.4421478515162,19.88803286719776,[13.71458435 10.65692711 -6.81574678],[14.62770271 14.08856297 -6.4578805 ],[15.6785717  16.91321564 -6.92457247]
18:09:51.852926,852926,164.62395778122993,45.429767544658255,[13.71834564 10.6550436  -6.80502701],[14.62907982 14.08649921 -6.45652723],[15.68373394 16.91022682 -6.91851711]
18:09:51.857898,857898,164.48695280631824,27.555304688594163,[13.71586704 10.65962696 -6.79805279],[14.63647175 14.08342075 -6.44317627],[15.68302155 16.91155624 -6.91459465]
18:09:51.861929,861929,164.52769376260414,10.106910514984266,[13.72098446 10.65555573 -6.79032803],[14.63447666 14.08513355 -6.44257832],[15.67937946 16.91397095 -6.91616535]
18:09:51.865899,865899,164.48690530439666,10.27417083312018,[13.72018242 10.65478134 -6.79071379],[14.63662624 14.08363914 -6.4431572 ],[15.68354416 16.90944862 -6.91878986]
18:09:51.869923,869923,164.72680471981835,59.617150949724,[13.72281075 10.65602207 -6.78195286],[14.63593578 14.08384323 -6.44074011],[15.68689346 16.91052437 -6.9059186 ]
18:09:51.873897,873897,164.8697636674608,35.973565083657604,[13.72385216 10.65580273 -6.77993679],[14.63623428 14.08328152 -6.44162369],[15.69062805 16.90840149 -6.89924335]
18:09:51.877926,877926,165.0983540287852,56.73625250046989,[13.72495747 10.6559515  -6.77813816],[14.63758755 14.08347034 -6.43900824],[15.69399452 16.91179657 -6.88299227]
18:09:51.882899,882899,164.91186897605516,37.49950788860543,[13.72550583 10.65970039 -6.77158976],[14.64193821 14.08188343 -6.43499565],[15.69591331 16.90727806 -6.89333105]
18:09:51.886898,886898,164.55954097333102,88.10402668770581,[13.72488213 10.66231441 -6.76835489],[14.64013958 14.08639431 -6.42829227],[15.69873047 16.9026947  -6.89953375]
18:09:51.890924,890924,164.50323339538915,13.98598557920506,[13.72680664 10.66194057 -6.76656532],[14.6476984  14.08154583 -6.42140198],[15.69972229 16.90312576 -6.89694548]
18:09:51.894899,894899,164.28546173894316,54.78532237634967,[13.72978878 10.66069603 -6.76697206],[14.6505022  14.08234978 -6.41482687],[15.70387363 16.89948273 -6.89514399]
18:09:51.898900,898900,164.4682183824123,45.67774143192538,[13.72949123 10.660882   -6.76931667],[14.64858055 14.08115482 -6.42416   ],[15.70453453 16.89683914 -6.89826727]
18:09:51.903278,903278,164.5156014513597,10.822994277614683,[13.72612381 10.66217041 -6.77325821],[14.64835072 14.08158302 -6.42651367],[15.70916939 16.8960247  -6.89573717]
18:09:51.908006,908006,164.4193629385899,20.35501539124093,[13.72594166 10.66735744 -6.76694012],[14.64923668 14.08519936 -6.41685438],[15.70874882 16.89903831 -6.88934231]
18:09:51.911577,911577,164.3332403900191,24.11720766473952,[13.72527409 10.66866207 -6.77002954],[14.64987183 14.08616543 -6.41171265],[15.70880032 16.90221977 -6.88329124]
18:09:51.915603,915603,164.3007127480532,8.079394427698283,[13.72627544 10.67121124 -6.7682395 ],[14.64697838 14.09097099 -6.40934372],[15.70752048 16.90350914 -6.87949562]
18:09:51.920578,920578,164.23261699477732,13.687588598167618,[13.7250843  10.67385483 -6.77049398],[14.64731216 14.09039116 -6.41048098],[15.70086002 16.90539169 -6.88688612]
18:09:51.924577,924577,164.24055616761825,1.9852895326168583,[13.72155285 10.67634773 -6.77668905],[14.64282703 14.09452152 -6.41111183],[15.70112801 16.90804672 -6.88012266]
18:09:51.928639,928639,164.33776160146732,23.930436693517805,[13.71931362 10.68005085 -6.7777462 ],[14.6441679  14.09432697 -6.41145468],[15.70061874 16.91100121 -6.87688732]
18:09:51.932602,932602,164.15784848950688,45.39821144598671,[13.71744728 10.68439102 -6.77732849],[14.64245033 14.09781361 -6.40841293],[15.699049   16.91139793 -6.8810358 ]
18:09:51.936578,936578,164.24445433313454,21.782153829895872,[13.71655655 10.68941116 -6.77651119],[14.64109612 14.09906387 -6.40918255],[15.69648552 16.91324234 -6.87856722]
18:09:51.940578,940578,163.94617218693102,74.57053655087975,[13.71467876 10.69229031 -6.7813344 ],[14.6362505  14.10512352 -6.40321541],[15.69855976 16.91360474 -6.87577915]
18:09:51.945578,945578,163.93662748875082,1.9089396360413957,[13.71573257 10.69235802 -6.78644276],[14.63879204 14.10438442 -6.4045105 ],[15.69666862 16.91457558 -6.87661362]
18:09:51.949607,949607,163.86458084377492,17.882016623454643,[13.71334076 10.69705582 -6.78930998],[14.6368227  14.10755157 -6.40170908],[15.69648647 16.918293   -6.87280846]
18:09:51.953577,953577,163.81187782885326,13.275318620065846,[13.71042633 10.70205307 -6.79647541],[14.63251781 14.11185646 -6.40629435],[15.6958313  16.92014694 -6.87596846]
18:09:51.957577,957577,163.7674509140134,11.106728709961544,[13.70563316 10.70766735 -6.80300331],[14.63387394 14.11235142 -6.40884638],[15.68858242 16.92564011 -6.88339567]
18:09:51.961612,961612,163.587181607659,44.676408018439666,[13.70168209 10.71045494 -6.81662321],[14.63442421 14.11416626 -6.40923357],[15.68603802 16.92954445 -6.88537264]
18:09:51.965605,965605,163.59360134387416,1.6077476121087781,[13.70933819 10.70882034 -6.81203222],[14.63146877 14.11941338 -6.40861416],[15.6843586  16.93504715 -6.88437939]
18:09:51.969604,969604,163.64189184349254,12.07564381555115,[13.70692158 10.71255779 -6.81800032],[14.63025856 14.12214375 -6.41293287],[15.69410133 16.92994118 -6.87964201]
18:09:51.974578,974578,163.67812392655037,7.2842949452805685,[13.70456505 10.71705437 -6.8212285 ],[14.62854481 14.12634563 -6.41554499],[15.69019794 16.93396187 -6.88044882]
18:09:51.978577,978577,163.8808513158167,50.69452094681891,[13.70265007 10.72053242 -6.82643652],[14.63089371 14.12468624 -6.42409372],[15.69245243 16.93530655 -6.88247585]
18:09:51.982577,982577,163.75951666471778,30.33366277472993,[13.70043468 10.72404671 -6.83446932],[14.62700558 14.12990284 -6.42600918],[15.69443417 16.93614197 -6.88262033]
18:09:51.986605,986605,163.44492552871301,78.1010764659297,[13.69530106 10.72670269 -6.84698343],[14.62483788 14.13286686 -6.42690372],[15.68021774 16.94499207 -6.89738894]
18:09:51.990578,990578,163.5661727969637,30.51781229567038,[13.69339085 10.73387051 -6.84650183],[14.62344837 14.1364727  -6.42877293],[15.67020702 16.95443153 -6.8982954 ]
18:09:51.994579,994579,163.53538628849068,7.694703442396428,[13.68893147 10.74000645 -6.84960032],[14.62444782 14.13790035 -6.4280076 ],[15.66534233 16.9604454  -6.90005493]
18:09:51.999605,999605,163.75497930523085,43.69140802629581,[13.68758297 10.74296761 -6.85211086],[14.61952305 14.14234352 -6.4347744 ],[15.66291142 16.96495247 -6.89650965]
18:09:52.003610,003610,163.48669288421812,0.2693652287538914,[13.68632221 10.74190235 -6.86326647],[14.62021065 14.14371777 -6.43545055],[15.66785526 16.96370506 -6.9022007 ]
18:09:52.007577,007577,163.72716950974768,60.619265321292396,[13.68222618 10.74730968 -6.86546946],[14.6145792  14.14930248 -6.4415431 ],[15.66437626 16.9699707  -6.89721584]
18:09:52.011604,011604,163.53899114971804,46.72916812258225,[13.67782688 10.74715614 -6.87976408],[14.61729431 14.14945889 -6.43899345],[15.66348743 16.97324371 -6.89462137]
18:09:52.015603,015603,163.41040117461415,32.15553265913793,[13.67487812 10.74917316 -6.88581038],[14.61209202 14.1535387  -6.4440999 ],[15.6782198  16.96096992 -6.89617634]
18:09:52.020578,020578,163.70041136553536,58.29350571280568,[13.66788292 10.75863457 -6.88935852],[14.60805893 14.15372562 -6.45504284],[15.67937756 16.96134377 -6.89634037]
18:09:52.024578,024578,163.4608902760306,59.880272376190646,[13.66530132 10.76049328 -6.89436722],[14.60763073 14.15687847 -6.45329046],[15.67891788 16.960495   -6.90204763]
18:09:52.028602,028602,163.25423656454066,51.35529609590824,[13.66075134 10.76698303 -6.89564323],[14.60552692 14.1602993  -6.45203972],[15.66895962 16.96783829 -6.91410971]
18:09:52.032579,032579,163.2288519177667,6.382863156643704,[13.6554451  10.7691679  -6.90209436],[14.60122395 14.16258907 -6.45622492],[15.666852   16.96935272 -6.91732216]
18:09:52.036625,036625,163.4298310323913,49.67353302634741,[13.6471653  10.77818394 -6.90666151],[14.59759331 14.16384411 -6.4652009 ],[15.66002083 16.97336388 -6.9214468 ]
18:09:52.040577,040577,163.263488441629,42.09073652892155,[13.64450073 10.7755146  -6.91537189],[14.59156132 14.16785717 -6.46614075],[15.65635586 16.97613144 -6.92335749]
18:09:52.044598,044598,163.15945059323298,25.873625564789418,[13.63766766 10.78176117 -6.92002249],[14.58889198 14.17030239 -6.46961594],[15.6476059  16.98218155 -6.93520927]
18:09:52.049632,049632,163.09812473041464,12.182332701298364,[13.63402176 10.78274536 -6.9266777 ],[14.57780933 14.17888165 -6.47401381],[15.65036011 16.98293304 -6.93361282]
18:09:52.053632,053632,163.0626392625433,8.871366967831307,[13.62804794 10.78772354 -6.93199348],[14.57095528 14.18465614 -6.47881365],[15.65021324 16.98501205 -6.9369235 ]
18:09:52.057577,057577,163.39538037710759,84.34502270323736,[13.61857224 10.79758835 -6.9321928 ],[14.5738287  14.17893887 -6.48145676],[15.64431477 16.9909687  -6.93158913]
18:09:52.061578,061578,163.2843124445424,27.760043130515253,[13.61975288 10.79528046 -6.93687677],[14.57026482 14.18392277 -6.48074198],[15.64217186 16.99125862 -6.92971802]
18:09:52.065624,065624,163.06315613272494,54.660482406686214,[13.61383247 10.7986536  -6.94517565],[14.57218933 14.18513584 -6.47623587],[15.64558315 16.98760033 -6.92735386]
18:09:52.069578,069578,163.0567187958239,1.6280568793701988,[13.61294651 10.79959583 -6.94749689],[14.57017708 14.18424892 -6.48208141],[15.64016247 16.98867798 -6.93753386]
18:09:52.074612,074612,163.04278093136094,2.7687454237136278,[13.60454655 10.80355453 -6.95555258],[14.56677151 14.18761539 -6.48078775],[15.64232349 16.98954201 -6.92844963]
18:09:52.078578,078578,162.8931109584165,37.7382685185203,[13.60149574 10.80634308 -6.95858049],[14.56584263 14.1888628  -6.48287678],[15.64298058 16.98384666 -6.93654442]
18:09:52.082605,082605,162.88030615145328,3.1797385058860104,[13.59924698 10.8061018  -6.96580601],[14.56602859 14.18660355 -6.48789167],[15.6415081  16.9848156  -6.94225025]
18:09:52.086602,086602,162.83212742343167,12.053722297125608,[13.59840775 10.80470562 -6.96896935],[14.56261826 14.18854904 -6.49150324],[15.63905048 16.98636246 -6.9479928 ]
18:09:52.090578,090578,163.10374249698455,68.31365028995974,[13.58599758 10.81346512 -6.97501516],[14.55692768 14.19007111 -6.50200367],[15.63475227 16.99066734 -6.94913721]
18:09:52.094578,094578,163.15155726055224,11.953690891921553,[13.58452034 10.81595039 -6.97470808],[14.54984093 14.19470501 -6.50665092],[15.63316345 16.99240685 -6.95165348]
18:09:52.099578,099578,162.64305221779188,101.70100855207238,[13.57625484 10.81960678 -6.98124933],[14.542243   14.20384598 -6.49830866],[15.63405704 16.99013138 -6.95443344]
18:09:52.103578,103578,162.7923442597243,37.3230104831066,[13.57532978 10.82156086 -6.98120928],[14.54261208 14.20360279 -6.5001483 ],[15.63364029 16.99255753 -6.95070028]
18:09:52.107578,107578,162.74395313300354,12.097781680189712,[13.57287502 10.82478237 -6.98236847],[14.53716469 14.20618057 -6.50218916],[15.61633396 17.00392151 -6.96055317]
18:09:52.111578,111578,162.57789177248742,41.51534012903113,[13.56608772 10.82804966 -6.98493004],[14.54190063 14.20223808 -6.50392008],[15.61815929 16.998106   -6.97408628]
18:09:52.115577,115577,162.48391802203383,23.49931244150677,[13.56171608 10.8296442  -6.99189043],[14.54247665 14.20016384 -6.50307322],[15.61699677 16.99668312 -6.97352648]
18:09:52.119577,119577,162.66759006663,45.91801114904115,[13.55652046 10.8311882  -7.00020027],[14.53576279 14.20408535 -6.50900459],[15.6174078  16.99967575 -6.96504545]
18:09:52.124577,124577,162.49006160424176,35.5056924776477,[13.55715752 10.82809544 -7.00467682],[14.53205395 14.20788574 -6.50826406],[15.61050701 17.00458527 -6.96984434]
18:09:52.128088,128088,162.33222334511083,44.95535720049172,[13.55600262 10.83025551 -7.00441504],[14.52975941 14.21021748 -6.50788736],[15.60714436 17.00535965 -6.97772551]
18:09:52.133090,133090,162.41599844674562,16.748320998557613,[13.55382729 10.83491135 -7.00020075],[14.52615166 14.21182632 -6.51110649],[15.60888481 17.00359344 -6.9799962 ]
18:09:52.137089,137089,162.67264988832778,64.17890512182154,[13.54864311 10.83969021 -7.00194025],[14.52494526 14.21148205 -6.5174942 ],[15.60625744 17.00626564 -6.97803068]
18:09:52.141091,141091,162.48959248284382,45.74148063067577,[13.54540348 10.84032249 -7.0066576 ],[14.5264883  14.2107029  -6.51538324],[15.60421848 17.00538063 -6.98233938]
18:09:52.145127,145127,162.73111238042648,59.841401779648834,[13.5394392  10.84505844 -7.00877142],[14.52433109 14.21090698 -6.52180529],[15.61065483 17.00255394 -6.97716093]
18:09:52.149126,149126,162.65043926520093,20.17332213692195,[13.53902531 10.8435564  -7.01304626],[14.52223778 14.21295834 -6.51936722],[15.60511303 17.00698471 -6.97453213]
18:09:52.153146,153146,162.65941063881905,2.2316849796327944,[13.53386402 10.84602737 -7.02113438],[14.52154636 14.21268749 -6.52057695],[15.6044178  17.00832367 -6.97086811]
18:09:52.158088,158088,162.5088672107111,30.462045347625622,[13.53385067 10.84506321 -7.02188063],[14.51727772 14.21586704 -6.51921606],[15.60577869 17.00665474 -6.97262478]
18:09:52.162114,162114,162.36829721278073,34.9155484178729,[13.53269768 10.84358883 -7.0272851 ],[14.51995182 14.21366405 -6.5185132 ],[15.60421181 17.0065403  -6.97705221]
18:09:52.166114,166114,162.4021727062227,8.468873360492069,[13.52831173 10.84524918 -7.0308032 ],[14.51972675 14.21255493 -6.52204943],[15.60181522 17.00729942 -6.98064089]
18:09:52.170123,170123,162.40915272009715,1.7410860250571254,[13.52880573 10.84520817 -7.03158569],[14.5178709  14.21408081 -6.52366638],[15.60235596 17.00703621 -6.98106813]
18:09:52.174128,174128,162.53940151851012,32.52154766865521,[13.52633286 10.8478241  -7.03039122],[14.51485538 14.21470165 -6.5277276 ],[15.59975624 17.0084362  -6.98222876]
18:09:52.178089,178089,162.55341303276634,3.537367901091935,[13.52262402 10.84996128 -7.03356743],[14.5138588  14.21423817 -6.52821922],[15.59649372 17.01140022 -6.98159027]
18:09:52.182116,182116,162.53708227425392,4.0553162434627215,[13.52146149 10.85061455 -7.03367424],[14.50837708 14.21812534 -6.52964258],[15.59327698 17.01293182 -6.98295307]
18:09:52.187114,187114,162.6449622497216,21.584628945114495,[13.5142107  10.85674953 -7.03854609],[14.51093006 14.21452141 -6.53397512],[15.5931921  17.01167107 -6.98414373]
18:09:52.191089,191089,162.787356339636,35.822412557082835,[13.51144886 10.85826874 -7.03854465],[14.51110649 14.21313572 -6.53563309],[15.59401798 17.01341629 -6.98056555]
18:09:52.195116,195116,162.67047871126883,29.023498477074128,[13.50794506 10.86078072 -7.03976154],[14.50785065 14.215168   -6.53599501],[15.59330368 17.01185799 -6.98534107]
18:09:52.199128,199128,162.63660659166598,8.44270179532585,[13.50915623 10.85789204 -7.039783  ],[14.503932   14.21798611 -6.53538704],[15.5891695  17.01477051 -6.98505068]
18:09:52.203114,203114,162.60133392854942,8.849137761304084,[13.50831413 10.85577202 -7.04245996],[14.50150013 14.21942997 -6.53617096],[15.59018993 17.01366806 -6.9845438 ]
18:09:52.207089,207089,162.4764297167296,31.422443225113128,[13.50476074 10.85857391 -7.0463357 ],[14.5003643  14.22017384 -6.5353899 ],[15.5893631  17.01221466 -6.98668766]
18:09:52.212089,212089,162.55177386764,15.068830182082138,[13.50180721 10.86123848 -7.04568052],[14.49858856 14.21960449 -6.53831005],[15.58845711 17.01137543 -6.98838758]
18:09:52.216115,216115,162.28688786819734,65.79383990130866,[13.49949837 10.86002159 -7.05034828],[14.50005245 14.21835232 -6.53397799],[15.58815861 17.00966454 -6.99234247]
18:09:52.220088,220088,162.34345898127174,14.238890781373716,[13.4989996  10.85996246 -7.04876661],[14.49967098 14.21794224 -6.53653097],[15.58771133 17.00952911 -6.99538946]
18:09:52.224089,224089,162.31708550150327,6.591722011613664,[13.49673176 10.86333466 -7.04569006],[14.50064182 14.2173996  -6.5360918 ],[15.58717537 17.00835419 -6.99947548]
18:09:52.228089,228089,162.40526863502157,22.045783379574857,[13.50023842 10.85930729 -7.04653978],[14.5003109  14.21720505 -6.53663969],[15.58794689 17.00906181 -6.99405241]
18:09:52.232128,232128,162.28600427511196,29.528190123695783,[13.49719715 10.8598938  -7.04868364],[14.49969101 14.2167244  -6.53711939],[15.58775997 17.00575256 -6.99953365]
18:09:52.237089,237089,162.53473709090213,50.137636724483556,[13.4969759  10.86100578 -7.04748535],[14.49981689 14.21546936 -6.53907919],[15.58209515 17.01322174 -6.99364758]
18:09:52.241116,241116,162.6556194389392,30.01796574051927,[13.49583244 10.86170864 -7.04598427],[14.49730206 14.21787548 -6.53918552],[15.5824728  17.01562119 -6.98757029]
18:09:52.245088,245088,162.66013417747635,1.1366411221433943,[13.49432945 10.86277103 -7.04609632],[14.4968996  14.21765518 -6.5381918 ],[15.57797718 17.01895714 -6.98727226]
18:09:52.249115,249115,162.59793659284443,15.445141453170443,[13.49288845 10.86272812 -7.047791  ],[14.49669456 14.21745014 -6.53831148],[15.58028698 17.01726532 -6.98894739]
18:09:52.253089,253089,162.5544655059736,10.938874401314465,[13.49256897 10.86149597 -7.05005264],[14.49363613 14.2197876  -6.53920317],[15.57529259 17.02011871 -6.99106407]
18:09:52.257090,257090,162.8137716687922,64.81033812012085,[13.4927063  10.86217022 -7.04691076],[14.49439144 14.21899509 -6.5404048 ],[15.57864094 17.02044487 -6.98142052]
18:09:52.262116,262116,162.6513722563993,32.311860802410486,[13.49038506 10.86352158 -7.04759169],[14.49496937 14.21755505 -6.53952312],[15.57924271 17.01702499 -6.98835325]
18:09:52.266124,266124,162.6539795595699,0.6505247431652198,[13.49044228 10.86384583 -7.04600668],[14.49217606 14.22027111 -6.53940296],[15.57802105 17.01791763 -6.98796654]
18:09:52.270127,270127,162.5120094014831,35.46594006664808,[13.48902607 10.86408424 -7.04731369],[14.48674202 14.22481441 -6.53913546],[15.57427216 17.01872635 -6.99212599]
18:09:52.274089,274089,162.52922048864312,4.344040171632219,[13.48765278 10.86600971 -7.04545689],[14.48680592 14.22489262 -6.53914452],[15.57511425 17.01761627 -6.99261808]
18:09:52.278123,278123,162.59084913420926,15.277304304944279,[13.4861002  10.86865616 -7.04343939],[14.4852829  14.22584152 -6.53898811],[15.57467651 17.01843071 -6.99029255]
18:09:52.283090,283090,162.38068006827586,42.31307951145554,[13.48484039 10.86868858 -7.04468536],[14.48870373 14.22357655 -6.53434134],[15.57639408 17.01504898 -6.99348211]
18:09:52.287089,287089,162.40264586362187,5.4928220420119365,[13.48458576 10.86837673 -7.04667711],[14.48914528 14.22303677 -6.53617573],[15.57816124 17.01433372 -6.99382257]
18:09:52.291089,291089,162.4939702918092,22.831107046833665,[13.48409843 10.86897087 -7.04463768],[14.48783112 14.22338295 -6.53794765],[15.57858086 17.01486778 -6.99324989]
18:09:52.295090,295090,162.49263155863883,0.33459964268211506,[13.48464012 10.86882877 -7.04235411],[14.48519802 14.22544289 -6.5371604 ],[15.57588196 17.01712799 -6.99313974]
18:09:52.299089,299089,162.57181670551697,19.801237028790126,[13.48464298 10.86873341 -7.04096985],[14.48737526 14.22345448 -6.53674889],[15.57273388 17.01938438 -6.99178267]
18:09:52.303089,303089,162.6374112408866,16.398633842406696,[13.48478699 10.86761189 -7.04165602],[14.4853344  14.22429085 -6.53975964],[15.57598686 17.01626205 -6.99059105]
18:09:52.307087,307087,162.58992149674827,11.878375222190533,[13.48330402 10.86872673 -7.04063606],[14.48477936 14.22487926 -6.53844261],[15.57611847 17.01640892 -6.99163294]
18:09:52.312115,312115,162.46123515410852,25.59394245022933,[13.4815073  10.87009525 -7.04043341],[14.48351097 14.22692966 -6.53540611],[15.57372475 17.01753998 -6.99350786]
18:09:52.316089,316089,162.39834560265467,15.825252001472041,[13.4804163  10.8701582  -7.04081154],[14.48366833 14.22722626 -6.53267956],[15.57480145 17.01701355 -6.99156666]
18:09:52.320114,320114,162.48881766583193,22.477531224163748,[13.48092461 10.86846352 -7.04164076],[14.48469543 14.22562027 -6.53406382],[15.57334709 17.01918411 -6.98997879]
18:09:52.324114,324114,162.54906957728628,15.062977863586013,[13.48078728 10.86855412 -7.04044008],[14.48504257 14.22479057 -6.53370047],[15.5733633  17.02056885 -6.98767328]
18:09:52.328088,328088,162.47810818673398,17.85641433122762,[13.4805584  10.86853409 -7.03908682],[14.4851408  14.22518826 -6.53051949],[15.57388878 17.02010727 -6.98667812]
18:09:52.333089,333089,162.48292728402424,0.9636267327066531,[13.47961998 10.86925888 -7.0385828 ],[14.48422718 14.22622204 -6.52997494],[15.57476044 17.01955605 -6.98510218]
18:09:52.337117,337117,162.418032657766,16.11088040175056,[13.47887802 10.86865616 -7.03996992],[14.48609447 14.22470951 -6.52866364],[15.57589149 17.0183754  -6.98595381]
18:09:52.341088,341088,162.4013005990177,4.213563018959731,[13.47795582 10.86857224 -7.04032993],[14.48478222 14.22611046 -6.52659845],[15.57602406 17.02009773 -6.98249865]
18:09:52.345114,345114,162.47887416668243,19.268148948020038,[13.47850895 10.86945534 -7.03647661],[14.48773003 14.22345924 -6.52500677],[15.57498741 17.0207653  -6.98057461]
18:09:52.349115,349115,162.51018649079643,7.826124497375067,[13.47807312 10.86991405 -7.03567171],[14.48601246 14.22393131 -6.52672338],[15.57286072 17.02116203 -6.98245192]
18:09:52.353115,353115,162.56707623040393,14.222434901874692,[13.47693634 10.87083721 -7.03395605],[14.48506069 14.2247963  -6.52670288],[15.5754385  17.01975441 -6.97952127]
18:09:52.357089,357089,162.5308332045659,9.120036698041933,[13.47737312 10.87114811 -7.03072596],[14.48457336 14.22520256 -6.52662659],[15.57483578 17.01791191 -6.98340464]
18:09:52.362114,362114,162.66834702298786,27.365934014318583,[13.47525501 10.87218094 -7.03031731],[14.48320866 14.22531128 -6.53013134],[15.5751791  17.01855278 -6.9825635 ]
18:09:52.366116,366116,162.62961147651546,9.679047094551548,[13.47402287 10.87222195 -7.03182268],[14.48339367 14.22517204 -6.53043413],[15.57722569 17.01623726 -6.98343992]
18:09:52.370116,370116,162.75326665837756,30.913795465522753,[13.47405815 10.87303352 -7.02980995],[14.48361874 14.22495937 -6.53109694],[15.574687   17.01832962 -6.98066235]
18:09:52.374117,374117,162.71706577278948,9.047959407166484,[13.47476578 10.87201881 -7.02925682],[14.48383045 14.22552586 -6.52885485],[15.57585144 17.01749039 -6.97838879]
18:09:52.378090,378090,162.53607273405208,45.555761071582715,[13.47533417 10.87243843 -7.02715206],[14.48439598 14.22532177 -6.52596378],[15.57620525 17.01437378 -6.98417568]
18:09:52.382088,382088,162.59873456644317,15.673294745144107,[13.47394943 10.87447834 -7.02477884],[14.48474693 14.22521973 -6.52565622],[15.57813358 17.01367378 -6.98204947]
18:09:52.387118,387118,162.64388970654346,8.977165029879055,[13.47792721 10.871068   -7.02312613],[14.48472881 14.22479153 -6.52553415],[15.57830524 17.01400375 -6.97995281]
18:09:52.391090,391090,162.6329251957922,2.7604508437186808,[13.47937489 10.86994171 -7.0217123 ],[14.48348904 14.22579098 -6.52489948],[15.57753563 17.01483917 -6.97982645]
18:09:52.395088,395088,162.65751790718792,6.1512534756659045,[13.48414612 10.86735249 -7.01778173],[14.48421764 14.22527504 -6.52462673],[15.57506084 17.01698685 -6.98166275]
18:09:52.399090,399090,162.58024849020944,19.30770039442312,[13.48165512 10.86925793 -7.01886702],[14.48439503 14.22569561 -6.52271509],[15.57511616 17.0167675  -6.98200035]
18:09:52.403115,403115,162.60810876738643,6.921807994281746,[13.48234558 10.86897945 -7.01899529],[14.48452377 14.22570705 -6.52271843],[15.57570553 17.01701546 -6.98016977]
18:09:52.408090,408090,162.78240198780588,35.03381314963968,[13.48206139 10.87109375 -7.01517344],[14.48501205 14.22506142 -6.52336168],[15.57443428 17.01924133 -6.9761095 ]
18:09:52.412088,412088,162.83755403220854,13.794908554942658,[13.48407745 10.87180042 -7.00998068],[14.48694324 14.22403049 -6.52256966],[15.57657814 17.01769638 -6.97576094]
18:09:52.416146,416146,162.71706869551298,29.690817322712185,[13.48414326 10.86913204 -7.01409435],[14.48762035 14.22457123 -6.52029943],[15.57672977 17.01734543 -6.97490788]
18:09:52.420089,420089,162.3764602281342,86.38307567303725,[13.48436928 10.86981392 -7.01165771],[14.49251556 14.22445869 -6.50912189],[15.57667446 17.01707649 -6.9772687 ]
18:09:52.424125,424125,162.42530187554564,12.101498367554544,[13.48437309 10.87064934 -7.01037884],[14.49741364 14.22055244 -6.50894499],[15.57730293 17.01643753 -6.97789669]
18:09:52.428089,428089,162.4556326843054,7.651566286521531,[13.48362446 10.87064457 -7.00966406],[14.49807644 14.21943474 -6.51078129],[15.57913876 17.01412773 -6.98003817]
18:09:52.432090,432090,162.7123588911091,64.16551032333838,[13.48243332 10.87281322 -7.0090189 ],[14.4935379  14.22082901 -6.51912546],[15.58254337 17.01228905 -6.97871447]
18:09:52.437091,437091,162.71927183264887,1.3823118455870944,[13.48476028 10.86985493 -7.00950623],[14.494627   14.21958923 -6.51817608],[15.58169937 17.01396751 -6.97699881]
18:09:52.441090,441090,162.7688670451401,12.401903598706289,[13.48534584 10.87028885 -7.00775433],[14.49622536 14.21990871 -6.51853466],[15.58106041 17.01360893 -6.97695732]
18:09:52.445114,445114,162.61642116912768,37.88416401899152,[13.48619747 10.8699398  -7.00683498],[14.49656773 14.21979618 -6.51597404],[15.5866518  17.00891113 -6.97916031]
18:09:52.449114,449114,162.5804978187236,8.980837601022529,[13.48766518 10.86898327 -7.00584412],[14.49639988 14.2213068  -6.51265812],[15.58296967 17.01305199 -6.97687578]
18:09:52.453115,453115,162.61947723932306,9.742419544982424,[13.48728085 10.87009239 -7.00451803],[14.49849415 14.22117805 -6.50977135],[15.58390713 17.01452827 -6.97167969]
18:09:52.458090,458090,162.67069651227587,10.295331246795318,[13.48734188 10.87083912 -7.00323248],[14.49944019 14.22099495 -6.50762892],[15.58591175 17.01539993 -6.96618986]
18:09:52.462090,462090,162.74122412254016,17.631902566073165,[13.48825645 10.86957741 -7.00414419],[14.50117779 14.21993732 -6.50861025],[15.5850153  17.01739311 -6.96478271]
18:09:52.466090,466090,162.6688011808683,18.10573541796856,[13.48916912 10.86882877 -7.00320101],[14.5047102  14.21779728 -6.5053091 ],[15.58909035 17.01576614 -6.96406889]
18:09:52.470123,470123,162.8502897241019,45.00087856028436,[13.49554253 10.86636448 -6.99726439],[14.50517178 14.21786404 -6.50390053],[15.59183025 17.01697922 -6.95494795]
18:09:52.474090,474090,162.6135098016103,59.687401686821566,[13.49476719 10.86925697 -6.99390697],[14.50265121 14.22098064 -6.50191975],[15.59224987 17.013134   -6.96457767]
18:09:52.478089,478089,162.5852537005354,7.0657917166546795,[13.49697781 10.86753178 -6.99395037],[14.50538254 14.21926689 -6.50323391],[15.59182644 17.01242638 -6.96956682]
18:09:52.483090,483090,162.48548860015572,19.949030269880115,[13.49564743 10.86784744 -6.99382257],[14.50362396 14.22167492 -6.50235128],[15.59408188 17.01211929 -6.97209358]
18:09:52.487125,487125,162.39848558184843,21.562086321508207,[13.49622345 10.86944771 -6.98994875],[14.50303364 14.22305775 -6.50108004],[15.59560966 17.00982285 -6.9762311 ]
18:09:52.491124,491124,162.46647690060288,17.00208020866502,[13.49589634 10.87039852 -6.98922968],[14.5032444  14.22310448 -6.50317669],[15.59477711 17.00893784 -6.97705126]
18:09:52.495124,495124,162.58943597976867,30.739769791445326,[13.49692059 10.86981964 -6.98926687],[14.50476742 14.2217598  -6.50487375],[15.59363461 17.01057625 -6.97472668]
18:09:52.499113,499113,162.73009039975193,35.26057156762692,[13.49767113 10.86972141 -6.98798752],[14.50413704 14.2229805  -6.50422335],[15.59522724 17.0110302  -6.96584845]
18:09:52.503120,503120,162.8707943592158,35.1145394219809,[13.49844933 10.86857033 -6.98928642],[14.5048666  14.22190571 -6.50614166],[15.59888744 17.01074791 -6.96003675]
18:09:52.507088,507088,162.96361063503946,23.391198544266896,[13.49919987 10.86895561 -6.98619461],[14.50507164 14.22151184 -6.50678682],[15.59582138 17.01378822 -6.96009493]
18:09:52.512115,512115,162.9767157174779,2.606939016996838,[13.50124645 10.86824322 -6.98283005],[14.50533581 14.22198963 -6.50588846],[15.592206   17.01608658 -6.96142721]
18:09:52.516137,516137,162.86131488479373,28.692399971201723,[13.50239944 10.86705399 -6.98318624],[14.50573635 14.22275352 -6.50190973],[15.59639072 17.01476288 -6.95870638]
18:09:52.520089,520089,162.91015971715544,12.359522358732091,[13.50379467 10.86767387 -6.98006058],[14.50670147 14.22244072 -6.50093222],[15.59906673 17.01392746 -6.95620108]
18:09:52.524089,524089,162.99575840665037,21.399672373732415,[13.50500584 10.86879921 -6.97678471],[14.50743866 14.2237854  -6.49549007],[15.60030937 17.01732826 -6.94440269]
18:09:52.528115,528115,162.74320184503267,62.73138639287004,[13.50527954 10.8676424  -6.97883844],[14.50641918 14.22543812 -6.49347591],[15.59538841 17.01952934 -6.95370674]
18:09:52.532115,532115,162.74383678352663,0.15873462348992007,[13.50706291 10.867239   -6.97631788],[14.50648975 14.22641659 -6.4921093 ],[15.59334755 17.02142906 -6.95357084]
18:09:52.537090,537090,162.81589425429962,14.483913723213973,[13.50727272 10.86702633 -6.97609758],[14.50753403 14.22546291 -6.49383211],[15.60219479 17.016222   -6.95039606]
18:09:52.541115,541115,162.5783117188207,59.02671688917655,[13.50671101 10.8663702  -6.97717428],[14.50747871 14.22707748 -6.48939466],[15.59769821 17.01712418 -6.95548773]
18:09:52.545089,545089,162.80908230714468,58.070102748865594,[13.50664043 10.86869812 -6.97313023],[14.50995636 14.22453403 -6.49172544],[15.60019493 17.01820183 -6.95181894]
18:09:52.549114,549114,162.91112318591723,25.351771123616334,[13.50868225 10.8667202  -6.97213793],[14.50843048 14.225214   -6.4927907 ],[15.60122681 17.01867485 -6.94749594]
18:09:52.553089,553089,162.96345790306398,13.16596657779854,[13.51210594 10.86628151 -6.96711016],[14.51266193 14.22230625 -6.49118042],[15.59869289 17.01998138 -6.94853258]
18:09:52.557087,557087,163.04690051762606,20.871089185111035,[13.51490498 10.86446476 -6.96583748],[14.5170145  14.21946812 -6.49165201],[15.59926033 17.01996422 -6.94771051]
18:09:52.562089,562089,162.93633630551943,22.104000820996387,[13.51489735 10.86323071 -6.96755886],[14.51921368 14.21866512 -6.48896837],[15.59929848 17.01892281 -6.94835281]
18:09:52.566116,566116,162.82171168845807,28.46402211605823,[13.51481819 10.86389446 -6.96621656],[14.51860905 14.2197113  -6.48681164],[15.60435486 17.01479149 -6.94933558]
18:09:52.570090,570090,162.86001047714328,9.63733988052608,[13.51659107 10.86363506 -6.96344519],[14.5188942  14.21983528 -6.48459864],[15.60611629 17.01533127 -6.94488859]
18:09:52.574088,574088,163.05049359711273,47.64460229351101,[13.51625538 10.86430264 -6.96185303],[14.51794529 14.21957779 -6.48817492],[15.60639477 17.01547241 -6.9419384 ]
18:09:52.578090,578090,162.94896092916102,25.370481747055443,[13.514925   10.86363411 -6.96500063],[14.51637077 14.22101212 -6.4890151 ],[15.60566521 17.01442909 -6.94567585]
18:09:52.582114,582114,162.89005193492093,14.63941208749619,[13.51583195 10.8633585  -6.962708  ],[14.5159483  14.22232533 -6.48456526],[15.60593224 17.01520157 -6.94207287]
18:09:52.587089,587089,162.75599232120732,26.94665602283767,[13.51694202 10.86180401 -6.96083355],[14.51495743 14.22440243 -6.48240948],[15.60518646 17.01451302 -6.94597578]
18:09:52.591090,591090,162.83811931900695,20.526617795459565,[13.5170269  10.86310387 -6.95877504],[14.51512241 14.22393131 -6.48274803],[15.60664368 17.01486588 -6.94366598]
18:09:52.595116,595116,162.86748504296457,7.2940198603141635,[13.51681328 10.86372662 -6.95849848],[14.51697636 14.22252941 -6.48244143],[15.60755634 17.01365471 -6.94243956]
18:09:52.599114,599114,162.88445314402017,4.244147337567836,[13.51886082 10.8612299  -6.95898676],[14.51801395 14.22196484 -6.48265171],[15.60778809 17.01413155 -6.94170141]
18:09:52.603115,603115,162.97800903806817,23.38312773006624,[13.51823139 10.86256313 -6.95533609],[14.51770401 14.22163773 -6.48327017],[15.60875416 17.01377869 -6.94050646]
18:09:52.607090,607090,163.00116871008618,5.826332583147352,[13.51832199 10.86228561 -6.95567036],[14.51880074 14.22044468 -6.48420095],[15.60847282 17.01349068 -6.94142866]
18:09:52.612117,612117,162.94955098672122,10.268096949464042,[13.51804924 10.86233139 -6.95414925],[14.520257   14.21956253 -6.48073912],[15.60727119 17.01491356 -6.94074821]
18:09:52.616114,616114,162.85081501766197,24.70251915417774,[13.52123737 10.85894203 -6.95286036],[14.52068233 14.22031403 -6.47745371],[15.60646534 17.01602936 -6.94102526]
18:09:52.620088,620088,162.82689427768318,6.019310513032591,[13.52055073 10.85857677 -6.95248652],[14.52212238 14.21961498 -6.47708702],[15.61048794 17.01333427 -6.94151163]
18:09:52.624123,624123,162.89819315959184,17.670107040560197,[13.52030659 10.85838318 -6.9520278 ],[14.52219391 14.21854687 -6.4789381 ],[15.60736847 17.01559639 -6.94292545]
18:09:52.628089,628089,162.945317817661,11.882162901954448,[13.52052784 10.85879993 -6.94940042],[14.52352619 14.21768188 -6.47836542],[15.608078   17.01434517 -6.94177389]
18:09:52.633090,633090,162.9591677555102,2.7694336831065027,[13.51899433 10.86100006 -6.94667912],[14.52386189 14.21776962 -6.47662449],[15.60736561 17.01459503 -6.94076681]
18:09:52.637114,637114,162.97607451221688,4.20148029489929,[13.52138901 10.85860062 -6.94604969],[14.5249033  14.21623135 -6.47663116],[15.60860538 17.0135994  -6.9401536 ]
18:09:52.641087,641087,162.85272238568373,31.04760295322149,[13.52008343 10.85867214 -6.94691658],[14.52571774 14.21656799 -6.47354507],[15.61107826 17.0116806  -6.94019938]
18:09:52.645116,645116,162.88058480440097,6.915467539646079,[13.52082253 10.85768032 -6.94508028],[14.52690411 14.21439838 -6.47416162],[15.61716461 17.00748825 -6.93992901]
18:09:52.649116,649116,162.93743586186127,14.21276436507668,[13.52230835 10.85592175 -6.94458532],[14.52738476 14.21289635 -6.47494745],[15.6216898  17.00476646 -6.93721676]
18:09:52.653113,653113,163.16655331117715,57.32235409454071,[13.52402878 10.85538673 -6.9401741 ],[14.52869129 14.21173    -6.47580338],[15.61814404 17.00845909 -6.93195105]
18:09:52.657089,657089,163.0777485611316,22.33519870360664,[13.52350807 10.85423565 -6.94189978],[14.52765369 14.21264553 -6.472785  ],[15.62932491 17.00131989 -6.92499971]
18:09:52.662115,662115,162.93765313962624,27.874138779422736,[13.52468967 10.85337353 -6.93973732],[14.52562428 14.21417236 -6.4718399 ],[15.62059975 17.00465202 -6.93409395]
18:09:52.666089,666089,163.01437659938614,19.306356255637706,[13.52503681 10.85319138 -6.93713665],[14.52412415 14.21529484 -6.4725914 ],[15.61692905 17.00764084 -6.93393135]
18:09:52.670114,670114,163.03386771173658,4.842512385201709,[13.52422142 10.85340023 -6.93767643],[14.52642441 14.21335888 -6.47244263],[15.61627293 17.00802803 -6.93411922]
18:09:52.674089,674089,163.05592408246684,5.5487725107594414,[13.52643204 10.85122204 -6.93502665],[14.52933788 14.21068096 -6.47193813],[15.61993694 17.00318909 -6.93370008]
18:09:52.678089,678089,163.10936349966585,13.359854299750396,[13.52507973 10.85166836 -6.93495703],[14.52929878 14.20954132 -6.47479963],[15.61876965 17.00270462 -6.93681288]
18:09:52.683090,683090,162.87923723076534,46.01605056998714,[13.52614784 10.84947681 -6.93638849],[14.52854443 14.21002579 -6.47273254],[15.61669254 17.00123787 -6.94396353]
18:09:52.687115,687115,162.92740271974736,11.966581113545837,[13.52599049 10.84912872 -6.9360795 ],[14.52890205 14.20956802 -6.47315121],[15.62131691 16.99761772 -6.94073725]
18:09:52.691115,691115,162.94205188247236,3.662290681248237,[13.52695465 10.8486805  -6.93340063],[14.52822971 14.2097578  -6.47324562],[15.61756325 17.00043488 -6.94331264]
18:09:52.695119,695119,163.05544115056523,28.318998025193274,[13.52488041 10.84980965 -6.93361712],[14.52633476 14.21101379 -6.47391701],[15.61947441 17.00080109 -6.93703556]
18:09:52.699121,699121,163.10677067032492,12.825966956444367,[13.52499294 10.84932995 -6.93352127],[14.52710724 14.21007156 -6.47362518],[15.6154213  17.0038414  -6.93594265]
18:09:52.703114,703114,163.0379268763292,17.241120459732322,[13.52496433 10.8476181  -6.93518639],[14.52683449 14.21003532 -6.47331476],[15.61553955 17.00308609 -6.93750238]
18:09:52.707089,707089,163.05105323010628,3.3022273653000838,[13.52507973 10.84723377 -6.93508148],[14.52571297 14.21046352 -6.47384691],[15.61642742 17.00150681 -6.93659258]
18:09:52.712090,712090,163.01779360465216,6.65059497182994,[13.52476025 10.84784126 -6.93393135],[14.52600193 14.21010971 -6.47297668],[15.61764622 17.00039673 -6.93755674]
18:09:52.716131,716131,163.01981164219006,0.4993906305143312,[13.52407455 10.84785557 -6.93402529],[14.52759171 14.20838642 -6.47207355],[15.61871815 17.00004196 -6.93670607]
18:09:52.720119,720119,163.05018286761384,7.61565331589218,[13.52497959 10.84796143 -6.93164301],[14.52639008 14.20878792 -6.47211409],[15.61498547 17.00270653 -6.93769217]
18:09:52.724124,724124,162.94038500091966,27.415197676449413,[13.52575397 10.84700489 -6.93137836],[14.52604389 14.20892811 -6.47049093],[15.6163702  17.00029564 -6.93974018]
18:09:52.728114,728114,163.02192827898267,20.43691179524035,[13.52426243 10.84744453 -6.93229771],[14.526124   14.20764446 -6.47172928],[15.61889076 16.99903107 -6.9365387 ]
18:09:52.733089,733089,163.02939550608662,1.500950171647166,[13.52396107 10.84746456 -6.9316864 ],[14.52540684 14.20835686 -6.4703021 ],[15.62081432 16.99744034 -6.93272543]
18:09:52.737089,737089,163.06013033552878,7.683707360541803,[13.52344418 10.8474474  -6.93177319],[14.52521133 14.20803452 -6.47003317],[15.62088108 16.99790573 -6.9306531 ]
18:09:52.741115,741115,163.12328175055097,15.685895435218665,[13.52363014 10.84677029 -6.93211079],[14.52390766 14.20823479 -6.47152567],[15.62084484 16.99790192 -6.92887354]
18:09:52.745088,745088,163.05552821895432,17.053493983551693,[13.52349854 10.84603405 -6.93274069],[14.52352142 14.20831585 -6.47075081],[15.62034893 16.99832916 -6.93075085]
18:09:52.749607,749607,163.0323757058571,5.123370900025645,[13.5235815  10.84577847 -6.93291473],[14.52284241 14.20832729 -6.47105742],[15.61874485 16.9977169  -6.93231297]
18:09:52.753609,753609,163.06214715225403,7.439142028216246,[13.52318764 10.84581757 -6.93301678],[14.52491283 14.20670128 -6.47061348],[15.61640263 16.99943161 -6.93220568]
18:09:52.757607,757607,163.05147995203353,2.6681341221850783,[13.52284145 10.84470177 -6.93403149],[14.52457523 14.20598125 -6.47078133],[15.61687469 16.99844742 -6.9320116 ]
18:09:52.761609,761609,162.99282065941514,14.65749440739302,[13.52206802 10.84303284 -6.93814087],[14.52549362 14.20495129 -6.47098541],[15.61961555 16.99583244 -6.93182135]
18:09:52.765634,765634,162.95904790001495,8.39074767706666,[13.51904106 10.84642982 -6.93799305],[14.52538681 14.20481873 -6.47156382],[15.6175518  16.99553871 -6.93596363]
18:09:52.769634,769634,162.8876469370798,17.850240733785938,[13.51922321 10.84483528 -6.93982887],[14.52462673 14.20516491 -6.4723978 ],[15.616992   16.9938736  -6.93918514]
18:09:52.774608,774608,162.96165418372038,14.878819187892308,[13.51819038 10.84508514 -6.94149399],[14.52530861 14.20436382 -6.47315168],[15.61259651 16.99810982 -6.93778753]
18:09:52.778637,778637,162.97275308212613,2.7547526447626,[13.51864243 10.84335232 -6.94253731],[14.5250864  14.20288658 -6.47521973],[15.61287594 16.99764061 -6.94009542]
18:09:52.782609,782609,163.0246436560381,13.064092122853962,[13.51849556 10.84232426 -6.94275904],[14.52244854 14.2048645  -6.47680616],[15.61534595 16.99671173 -6.93758154]
18:09:52.786608,786608,163.0373976375111,3.1892926914221333,[13.51734638 10.84331608 -6.94335461],[14.52194881 14.20379066 -6.47775316],[15.61291695 16.99754333 -6.93911839]
18:09:52.790608,790608,163.00757468076813,7.455739185743937,[13.51874256 10.84290028 -6.94140959],[14.5197382  14.20543575 -6.47677708],[15.61396122 16.9977932  -6.93865538]
18:09:52.794607,794607,163.03139125366482,5.955632132206032,[13.51854038 10.84331894 -6.9405303 ],[14.52039528 14.20438957 -6.4784627 ],[15.61576939 16.99534988 -6.94079208]
18:09:52.799607,799607,163.06840125895033,7.40200105710187,[13.51790428 10.84341812 -6.94228315],[14.52266502 14.20268631 -6.47847176],[15.61617088 16.995224   -6.93878841]
18:09:52.803609,803609,163.13831759040332,17.47034768940203,[13.51839066 10.84341908 -6.9409585 ],[14.5230093  14.20221424 -6.47676849],[15.61472511 16.99788666 -6.93397522]
18:09:52.807613,807613,163.11881571827445,4.8705974347828285,[13.51832485 10.84380341 -6.9401083 ],[14.52365875 14.20170116 -6.4760623 ],[15.61655998 16.99638367 -6.93413877]
18:09:52.811612,811612,163.08137466390914,9.362604242386286,[13.51703072 10.84512234 -6.94098568],[14.52374458 14.20146942 -6.47587442],[15.61643028 16.99508476 -6.93522215]
18:09:52.815609,815609,163.05384137204211,6.888489333757851,[13.51673317 10.84460735 -6.94274092],[14.52244377 14.20198154 -6.47638035],[15.61443901 16.99580574 -6.93615484]
18:09:52.819612,819612,162.95123428428192,25.632547529400703,[13.51458931 10.84529972 -6.94449949],[14.52040291 14.20474529 -6.47326708],[15.61247921 16.99735069 -6.93435764]
18:09:52.824608,824608,162.87126196521373,16.007269629341522,[13.51343346 10.84572887 -6.94540215],[14.5183363  14.20699501 -6.47328329],[15.60997868 16.99806404 -6.93760347]
18:09:52.828610,828610,162.86959035474047,0.41769377143093017,[13.5105505 10.8482399 -6.9457798],[14.51851463 14.206563   -6.4739089 ],[15.60905075 16.99731636 -6.93939877]
18:09:52.832646,832646,162.88909292981754,4.832154379848774,[13.50981331 10.84770679 -6.94662571],[14.51902294 14.20585346 -6.47335911],[15.61147881 16.99702835 -6.93659067]
18:09:52.836634,836634,162.9585356455691,17.412917690963727,[13.50746632 10.84938431 -6.94781876],[14.5195837  14.20497417 -6.4740634 ],[15.61268711 16.99680328 -6.93370962]
18:09:52.840608,840608,162.9313515845072,6.84047837490893,[13.50826645 10.84797192 -6.94805145],[14.51893711 14.20514774 -6.47421074],[15.61293507 16.99696732 -6.93478298]
18:09:52.844609,844609,163.03037001729837,24.74842109251561,[13.50743771 10.84859657 -6.95077562],[14.51636505 14.20636368 -6.47890997],[15.61322308 16.99707985 -6.93432045]
18:09:52.849637,849637,162.89749041626544,26.427923833119653,[13.50717545 10.84953117 -6.95038366],[14.51580524 14.20723343 -6.47653866],[15.61015415 16.9970932  -6.93790102]
18:09:52.853647,853647,162.96910067456446,17.857919775316077,[13.50645638 10.8516531  -6.94676113],[14.51669693 14.20629311 -6.47784567],[15.60999393 16.99688339 -6.94017935]
18:09:52.857609,857609,163.01061523257744,10.47818223447184,[13.50695515 10.85063267 -6.94821548],[14.51684475 14.20610046 -6.47828054],[15.60996151 16.99794769 -6.93771362]
18:09:52.861608,861608,163.05478355323925,11.044841375796667,[13.50628376 10.85113335 -6.94709778],[14.51473999 14.20790291 -6.47856379],[15.60886288 16.99958992 -6.93614817]
18:09:52.865633,865633,163.06529293981643,2.611027721039373,[13.50439548 10.85285473 -6.94775057],[14.51553917 14.20704556 -6.47832346],[15.60882759 16.99938583 -6.9355216 ]
18:09:52.869634,869634,163.1019158111253,9.153429469852226,[13.50389957 10.85376644 -6.94661999],[14.51606274 14.20678329 -6.47758579],[15.61008835 16.99860191 -6.93302631]
18:09:52.874640,874640,163.1432416678406,8.255265025030692,[13.50481415 10.8520937  -6.9476757 ],[14.51689053 14.20636463 -6.47716475],[15.60823441 17.00064278 -6.93023109]
18:09:52.878609,878609,163.176965443254,8.496794006901569,[13.50516701 10.85177898 -6.94759369],[14.51601791 14.20666599 -6.47771215],[15.60941792 17.00068855 -6.92863941]
18:09:52.882607,882607,163.12683612963025,12.538597704791494,[13.50309467 10.85292053 -6.94907856],[14.51454639 14.20791817 -6.47757721],[15.61287689 16.99917603 -6.92832184]
18:09:52.886608,886608,162.96112198561173,41.41818145926588,[13.50131798 10.85513783 -6.94944954],[14.51172447 14.21090984 -6.47642994],[15.61432171 16.99602699 -6.93237162]
18:09:52.890609,890609,162.827069470544,33.50475257878943,[13.50104809 10.85489655 -6.95052576],[14.51194572 14.21114826 -6.4750843 ],[15.61204052 16.99697685 -6.93730974]
18:09:52.894607,894607,162.92389839100892,24.219339786125445,[13.5023632  10.85437202 -6.94874191],[14.51207066 14.21123981 -6.47529078],[15.61283875 16.99824333 -6.93366814]
18:09:52.899632,899632,162.86331229075398,12.056935374116915,[13.50232983 10.85418034 -6.94943571],[14.51349926 14.21071053 -6.47418499],[15.61088848 16.99896431 -6.93583345]
18:09:52.903608,903608,162.93363366310865,17.686461859826363,[13.5026722  10.85367489 -6.94859219],[14.51261902 14.21127701 -6.47435617],[15.61048317 17.0009594  -6.93291998]
18:09:52.907608,907608,163.06135416623425,31.93012578140042,[13.50364971 10.85243797 -6.94941139],[14.51503849 14.20879269 -6.47473764],[15.60966492 17.0035553  -6.92810535]
18:09:52.911633,911633,163.0196041624722,10.372671742123496,[13.5034523  10.85223389 -6.95014906],[14.51512718 14.20859146 -6.47471189],[15.61098003 17.00268936 -6.9294014 ]
18:09:52.915634,915634,162.92239518716693,24.296169783873655,[13.5027256  10.85229301 -6.95119238],[14.51420307 14.20925426 -6.47445011],[15.60903549 17.00171852 -6.93321753]
18:09:52.919634,919634,162.903775692474,4.6548736732319185,[13.50248623 10.85279942 -6.95050001],[14.51205826 14.21097565 -6.47404432],[15.61239243 16.99973869 -6.93151379]
18:09:52.924630,924630,162.88724381021404,3.3090236709276426,[13.5024395  10.85296631 -6.95001316],[14.51234055 14.21070862 -6.47360182],[15.61467838 16.99842262 -6.93139935]
18:09:52.928608,928608,162.92775481029253,10.1837607034896,[13.50078297 10.85454559 -6.94963312],[14.513484   14.20931435 -6.47511148],[15.61044884 16.99936676 -6.93468094]
18:09:52.932609,932609,163.02431274601037,24.133450566818265,[13.50043011 10.85533428 -6.94805765],[14.5137043  14.20970631 -6.4747858 ],[15.60882473 17.0019207  -6.93111801]
18:09:52.936608,936608,163.06482359068494,10.130243729575255,[13.49965763 10.85679817 -6.94787931],[14.51453209 14.20906925 -6.47393322],[15.60776997 17.00298691 -6.92858362]
18:09:52.940607,940607,162.94373977363173,30.278523894274635,[13.49998283 10.85599327 -6.94866848],[14.51403141 14.20994473 -6.47176743],[15.60773182 17.0036068  -6.93030262]
18:09:52.944608,944608,162.93153013149785,3.051647621565215,[13.50114918 10.85517406 -6.94781065],[14.51474571 14.20936394 -6.47143936],[15.60749531 17.00423431 -6.93149233]
18:09:52.949628,949628,162.91344284672098,3.60304477626858,[13.50138855 10.85565948 -6.94679546],[14.51334953 14.21049976 -6.47222424],[15.61293697 16.99955177 -6.93153811]
18:09:52.953635,953635,162.76183742689062,37.835143456541225,[13.50325394 10.85397339 -6.94583511],[14.51376247 14.21032619 -6.47022867],[15.61340618 16.9975338  -6.93629217]
18:09:52.957634,957634,162.68895995719348,18.223923405138045,[13.50235844 10.85464859 -6.9460535 ],[14.51569843 14.20931721 -6.46906567],[15.61372566 16.99595451 -6.9389019 ]
18:09:52.961633,961633,162.74025849958437,12.827842558363546,[13.50165939 10.85466957 -6.94662809],[14.51684475 14.20853996 -6.46828556],[15.61351395 16.99733162 -6.93538237]
18:09:52.965609,965609,162.84494110908648,26.328624120248,[13.50185204 10.85495281 -6.94636106],[14.51770782 14.20730019 -6.46818018],[15.61410713 16.99869156 -6.93040562]
18:09:52.969633,969633,162.74773236953493,24.15724143925132,[13.50083542 10.85594845 -6.94668388],[14.51784325 14.20736313 -6.46718025],[15.6156683  16.9967823  -6.93315935]
18:09:52.974638,974638,162.7501054450411,0.4741409602738477,[13.50091457 10.85609818 -6.94611645],[14.51653576 14.20885086 -6.46731091],[15.61660957 16.99603844 -6.93242264]
18:09:52.978607,978607,162.71696503198302,8.34981432554243,[13.5008688  10.85547733 -6.94629478],[14.51703262 14.20805931 -6.46889925],[15.61615562 16.9950428  -6.93735456]
18:09:52.982642,982642,162.78120816720735,15.921470935397934,[13.50128746 10.85532856 -6.94622326],[14.51498032 14.20913696 -6.47112751],[15.61325073 16.99682045 -6.93772602]
18:09:52.986643,986643,162.7660330457137,3.792832165372481,[13.50094891 10.85553741 -6.94663143],[14.51575947 14.2094965  -6.46900845],[15.61322212 16.99692345 -6.93468952]
18:09:52.990644,990644,162.80156106670114,8.879785300535424,[13.50056934 10.85590458 -6.94682264],[14.51543236 14.2094059  -6.46918726],[15.61004639 17.00000954 -6.93425369]
18:09:52.994607,994607,162.9296354869482,32.317542328301805,[13.50042725 10.85659218 -6.94564915],[14.51541805 14.20989323 -6.46894026],[15.607934   17.00269127 -6.92867804]
18:09:52.999607,999607,162.97314302035792,8.701506681944693,[13.50160885 10.85593224 -6.94470739],[14.51439095 14.21078491 -6.46846437],[15.61059761 17.00238037 -6.9245944 ]
18:09:53.003642,003642,162.85982434702032,0.1137777666259378,[13.50247002 10.85550404 -6.94371605],[14.51403427 14.21145821 -6.46703959],[15.61106777 17.00045013 -6.9280014 ]
18:09:53.007608,007608,162.92560500827983,16.58614756921572,[13.5035944  10.85502529 -6.94271755],[14.51377296 14.21182537 -6.46802807],[15.61222839 16.99937439 -6.92601967]
18:09:53.011608,011608,162.84995935340322,18.911413719152392,[13.50327301 10.85597324 -6.9411521 ],[14.51465321 14.21172237 -6.46757841],[15.61207294 16.99746323 -6.93080235]
18:09:53.015656,015656,162.8362006642968,3.3988856488202877,[13.50205517 10.85792732 -6.94024944],[14.51601982 14.210742   -6.46754217],[15.60965443 16.99862671 -6.93418407]
18:09:53.019633,019633,162.83664521082756,0.1117793640327675,[13.5018034  10.85896683 -6.93924141],[14.51578236 14.21100044 -6.46718264],[15.60928345 17.00016022 -6.93467331]
18:09:53.024607,024607,162.81171746526465,5.011609481886923,[13.50386047 10.85718536 -6.93880987],[14.51501083 14.21163368 -6.46672916],[15.61178017 16.99920654 -6.93385172]
18:09:53.028610,028610,162.79393241988825,4.442929147239438,[13.50309181 10.85835934 -6.93890238],[14.51510143 14.21191788 -6.46700764],[15.60994244 16.99983788 -6.9359684 ]
18:09:53.032643,032643,162.82782130924153,8.402898426302572,[13.50450516 10.85778427 -6.93816471],[14.5146265  14.2123127  -6.46828222],[15.60902882 17.00054359 -6.93679094]
18:09:53.036643,036643,162.8930892549537,16.3169864280448,[13.50482845 10.85748386 -6.93788576],[14.51486111 14.2122879  -6.46916103],[15.61225891 16.99931717 -6.93407583]
18:09:53.040609,040609,162.846984577856,11.624981618180044,[13.50289536 10.85845375 -6.94022131],[14.51605701 14.21162701 -6.46809292],[15.61023331 17.00111961 -6.93472242]
18:09:53.044609,044609,162.84511327308698,0.467826192256382,[13.50381947 10.8578558  -6.94101143],[14.51640606 14.2116251  -6.46665382],[15.61148834 17.00067902 -6.93104267]
18:09:53.049629,049629,162.86121012624116,3.2065444530241414,[13.50345325 10.85791779 -6.94167948],[14.51689816 14.21091366 -6.46621037],[15.61082458 17.0033474  -6.93002033]
18:09:53.053609,053609,162.90135851861388,10.087535772038736,[13.50422096 10.85735703 -6.94171238],[14.51696014 14.21045876 -6.4657011 ],[15.61165428 17.00522995 -6.92704439]
18:09:53.057607,057607,163.0205348602068,29.808989893176285,[13.50436306 10.85800266 -6.94042492],[14.51622486 14.21183109 -6.46443176],[15.62332821 17.00012398 -6.91462088]
18:09:53.061609,061609,162.90604586672075,28.60794439931251,[13.50579643 10.85587978 -6.94145155],[14.5144701  14.21276283 -6.46601391],[15.61668491 17.00235748 -6.92372465]
18:09:53.065635,065635,162.85484072909765,12.718613418554389,[13.50478649 10.85663414 -6.94235611],[14.51425934 14.21321678 -6.4657383 ],[15.6177063 17.0021019 -6.9250536]
18:09:53.069636,069636,162.81227201499618,10.639518645704438,[13.50380802 10.8576889  -6.94239759],[14.51597309 14.21210098 -6.46707249],[15.61539936 17.00006676 -6.93117905]
18:09:53.074632,074632,162.85665126235574,8.882955836580845,[13.50467587 10.85790825 -6.94041777],[14.51658154 14.2124176  -6.46624374],[15.61100101 17.00290298 -6.93049097]
18:09:53.078612,078612,162.8272363136861,7.390690620516079,[13.50424576 10.85859871 -6.93920135],[14.51597786 14.21323109 -6.4657073 ],[15.60770702 17.00392151 -6.93274355]
18:09:53.082643,082643,162.88704164811787,14.836351880869797,[13.50529957 10.85701656 -6.93957806],[14.51659679 14.21280861 -6.46642828],[15.60651684 17.00477982 -6.93105745]
18:09:53.086645,086645,162.8752644584963,2.9428259923959508,[13.50508404 10.8570919  -6.93972445],[14.51778889 14.21165848 -6.46668243],[15.60371208 17.00716782 -6.93404484]
18:09:53.090608,090608,162.86134788174093,3.5116267361538527,[13.50578022 10.85648155 -6.93909359],[14.51772785 14.21182632 -6.46587801],[15.60839748 17.00434113 -6.93201208]
18:09:53.094607,094607,162.85754697579102,0.9504641035013227,[13.50583076 10.85653305 -6.9388175 ],[14.5182991  14.21186161 -6.46501684],[15.60943699 17.00362396 -6.93071365]
18:09:53.099639,099639,162.8146055559628,8.533668487326018,[13.50468063 10.85716248 -6.93975782],[14.51794338 14.21145344 -6.46559525],[15.60891438 17.00311279 -6.93354082]
18:09:53.103644,103644,162.90571893942038,22.74990847879704,[13.50481892 10.85779095 -6.93805599],[14.51882839 14.21035957 -6.46577454],[15.60906506 17.00378036 -6.93097973]
18:09:53.107608,107608,162.97539272725078,17.576636687789193,[13.50441551 10.85969257 -6.93470287],[14.51997948 14.20863628 -6.46718502],[15.60858631 17.00331306 -6.93350744]
18:09:53.111608,111608,162.93386861779558,10.381027363798978,[13.50503731 10.8586607  -6.93544436],[14.51831532 14.21002388 -6.46698332],[15.60570621 17.00520897 -6.9346776 ]
18:09:53.115607,115607,162.95333208469668,4.867083496149262,[13.50478649 10.85783672 -6.93706942],[14.51735115 14.21057892 -6.46704054],[15.60877895 17.00420761 -6.93097639]
18:09:53.119607,119607,162.94003420041687,3.3244710699520397,[13.50424576 10.85887718 -6.93668413],[14.5173645  14.21066284 -6.46777058],[15.61039066 17.00193024 -6.93260241]
18:09:53.124607,124607,162.8952325297796,8.960334127453962,[13.50461197 10.8592577  -6.93549633],[14.51573277 14.21228027 -6.46663713],[15.61052895 17.00159645 -6.93267107]
18:09:53.128609,128609,162.9973218881035,25.509584788579314,[13.50299931 10.86024094 -6.93658352],[14.51644039 14.21113873 -6.46783924],[15.6086731  17.00332451 -6.9300704 ]
18:09:53.132645,132645,162.90134152018638,23.7810624175227,[13.50346756 10.85976696 -6.93662024],[14.51698589 14.21151257 -6.46573877],[15.60852051 17.00381851 -6.93169308]
18:09:53.136644,136644,162.89540815483625,1.483712265599206,[13.5046339  10.85870838 -6.93604755],[14.5167675  14.21226692 -6.46421576],[15.60922241 17.00414085 -6.92909622]
18:09:53.140671,140671,163.05910502628424,40.649831499378266,[13.50410938 10.85910511 -6.93646526],[14.51589489 14.21358299 -6.46412277],[15.60890579 17.00775528 -6.9198494 ]
18:09:53.144609,144609,163.03281884545956,6.675007827497188,[13.50504494 10.85809612 -6.93685532],[14.51411629 14.21543598 -6.46356297],[15.60645771 17.00998878 -6.91955853]
18:09:53.149607,149607,163.06319557675047,6.077777369130542,[13.5050106  10.85957909 -6.93462133],[14.51674843 14.21389389 -6.46307755],[15.60777473 17.00933266 -6.91997004]
18:09:53.153609,153609,163.09043598709349,6.806699236134918,[13.50405884 10.86061192 -6.93407774],[14.51794529 14.21318626 -6.46261787],[15.60850143 17.00847435 -6.91862345]
18:09:53.157609,157609,162.89895383055088,47.87053913565131,[13.50506783 10.85965443 -6.93458414],[14.51914978 14.21351337 -6.45976257],[15.60882568 17.00650024 -6.9232378 ]
18:09:53.161632,161632,162.99109640363727,22.903945584487108,[13.50593185 10.85950375 -6.93370867],[14.51953793 14.21414185 -6.46030331],[15.60820484 17.00909996 -6.9204731 ]
18:09:53.165643,165643,163.03397112665283,10.689285219535764,[13.50492573 10.86086845 -6.9331665 ],[14.52016544 14.21341515 -6.46082211],[15.60665607 17.01042938 -6.9207902 ]
18:09:53.169643,169643,163.12153955909088,21.89210810951181,[13.50571918 10.86097527 -6.93194628],[14.51904583 14.21456432 -6.46059322],[15.60869408 17.01075935 -6.91526365]
18:09:53.174639,174639,163.07962056509263,8.390511208617216,[13.50571918 10.86069584 -6.93297195],[14.51906967 14.21488285 -6.46143293],[15.60979271 17.00985336 -6.91778564]
18:09:53.178621,178621,163.05669379848663,5.757600855346844,[13.50586891 10.86091328 -6.93227291],[14.52222633 14.21241951 -6.45995951],[15.61209488 17.00798798 -6.91791296]
18:09:53.182643,182643,163.0699962657788,3.307425980150063,[13.50684547 10.86125374 -6.92976141],[14.52364349 14.2123127  -6.45827436],[15.60995674 17.0098877  -6.91748524]
18:09:53.186625,186625,163.12171904885204,12.989146929494018,[13.50758266 10.86172867 -6.92768526],[14.5233593  14.21292591 -6.4586606 ],[15.61080074 17.0108757  -6.91673422]
18:09:53.190644,190644,163.0994802532672,5.533415174136512,[13.50860882 10.86301041 -6.92575407],[14.52287579 14.213521   -6.45801067],[15.60973167 17.01127625 -6.91807556]
18:09:53.195609,195609,163.12584616175033,5.3103541758596435,[13.50777531 10.86217117 -6.92752314],[14.52284813 14.21398544 -6.45772171],[15.61377716 17.0103054  -6.91364145]
18:09:53.199638,199638,163.14124858710036,3.8228903822368943,[13.50733852 10.86351585 -6.9273634 ],[14.5226593  14.21452999 -6.45718241],[15.61411953 17.01038742 -6.91172981]
18:09:53.203609,203609,163.07550694067987,16.555438534497963,[13.50735378 10.86490726 -6.92610073],[14.52268791 14.21470356 -6.45668077],[15.6158371  17.00917625 -6.91480875]
18:09:53.207609,207609,163.08131468715249,1.4519366181531268,[13.50837708 10.86570549 -6.92289591],[14.52151394 14.21613216 -6.45684576],[15.61820316 17.00791168 -6.91558981]
18:09:53.211663,211663,162.87220021931614,51.582256496384666,[13.50734425 10.86725426 -6.92271233],[14.52381039 14.21720314 -6.45110893],[15.61920452 17.0067749  -6.91729975]
18:09:53.215609,215609,162.94397250100624,18.18861674863194,[13.50719357 10.86748981 -6.92394543],[14.5232687  14.21729088 -6.45423365],[15.62128067 17.00636101 -6.91728497]
18:09:53.219609,219609,163.0007566700933,14.196042271763076,[13.5069561  10.86977386 -6.92033577],[14.52372074 14.21828651 -6.45358372],[15.619874   17.00704765 -6.91646957]
18:09:53.224630,224630,163.12511851326406,24.76834159943443,[13.50708103 10.86898327 -6.92249632],[14.52561569 14.2161932  -6.456357  ],[15.61973953 17.008564   -6.91457891]
18:09:53.228609,228609,163.24997542357337,31.378967154892912,[13.50757408 10.86900806 -6.92077303],[14.52550983 14.2159071  -6.45751429],[15.62337399 17.00751686 -6.91013956]
18:09:53.232609,232609,163.13930447327257,27.667737575200135,[13.50879955 10.86841297 -6.92067242],[14.52486897 14.2170763  -6.45611334],[15.61731148 17.01017952 -6.91484261]
18:09:53.236632,236632,163.22353418201556,20.93703921028618,[13.5084362  10.86968231 -6.92008543],[14.52462292 14.21779251 -6.45754623],[15.61780739 17.01111031 -6.91324234]
18:09:53.240608,240608,163.2381948623897,3.687293856673774,[13.50827122 10.87033176 -6.92045116],[14.52556801 14.21746063 -6.45609951],[15.61758614 17.01223373 -6.9102664 ]
18:09:53.244633,244633,163.3917511525496,38.150631095630345,[13.50856495 10.87127686 -6.9195466 ],[14.52539349 14.21691513 -6.4597187 ],[15.61175346 17.01656914 -6.91139793]
18:09:53.249628,249628,163.3952342976488,0.6973263461882092,[13.50805092 10.87141418 -6.92166281],[14.52498531 14.21727276 -6.45943356],[15.61117458 17.01850891 -6.90929317]
18:09:53.253608,253608,163.3227451682455,18.21334909631225,[13.50972748 10.86963558 -6.9224329 ],[14.52623844 14.21681309 -6.45909071],[15.61330032 17.01753426 -6.91166353]
18:09:53.257609,257609,163.34501930171007,5.567141580749191,[13.50970745 10.87014771 -6.92127371],[14.52763748 14.21689415 -6.45686865],[15.61351871 17.01935768 -6.90828085]
18:09:53.261607,261607,163.3032112676546,10.457237132432178,[13.51015186 10.87051773 -6.92152596],[14.52858257 14.21686554 -6.45555449],[15.61209965 17.02068138 -6.90882206]
18:09:53.266067,266067,163.13203906411536,38.37941783391091,[13.51157951 10.87018871 -6.92039728],[14.52888584 14.21885872 -6.45023441],[15.61431885 17.01974869 -6.90813398]
18:09:53.269900,269900,163.0763627472065,14.525519673586832,[13.5118103  10.87150478 -6.91920328],[14.52756214 14.22119236 -6.44847775],[15.61805153 17.01745033 -6.90651417]
18:09:53.274107,274107,162.99116334345467,20.251819289714653,[13.51218987 10.8713398  -6.9193306 ],[14.52542782 14.22328949 -6.44917583],[15.62018967 17.01486015 -6.90984583]
18:09:53.278133,278133,163.00397846556157,3.1830904388724264,[13.51192856 10.87239552 -6.91870642],[14.52270126 14.22723961 -6.44826937],[15.62325954 17.01444435 -6.90508652]
18:09:53.282132,282132,163.08070344291053,19.186040847451753,[13.51408577 10.87197399 -6.9165206 ],[14.52486134 14.22531128 -6.44998169],[15.61882496 17.01761627 -6.90852356]
18:09:53.287125,287125,163.02518583972153,11.119087360104704,[13.51311588 10.87204456 -6.91982174],[14.52640533 14.22469807 -6.45025492],[15.61784363 17.01892662 -6.91092491]
18:09:53.291134,291134,163.1290880344146,25.917234894752596,[13.51282406 10.87453175 -6.91707563],[14.52727795 14.22408867 -6.45227861],[15.61897945 17.01838493 -6.91142511]
18:09:53.295132,295132,163.06310252800475,16.504628916919742,[13.5127182  10.87487411 -6.91761398],[14.52644157 14.22594833 -6.45092058],[15.6202774  17.01749992 -6.91085243]
18:09:53.299108,299108,163.00796772517717,13.86690211961295,[13.51393509 10.87516594 -6.91712189],[14.52626896 14.22703743 -6.44869471],[15.62079811 17.01781654 -6.90952492]
18:09:53.303131,303131,162.88954605207195,29.43616035426733,[13.51540279 10.87469578 -6.91641998],[14.5283699  14.22698593 -6.44617176],[15.62118149 17.01725197 -6.91243887]
18:09:53.307107,307107,162.91209240509954,5.670611928469093,[13.51566887 10.874753   -6.91647625],[14.52875423 14.22680855 -6.44585419],[15.62143803 17.01836586 -6.91091299]
18:09:53.312106,312106,162.9945160012263,16.4880168287147,[13.51575184 10.87430763 -6.91755104],[14.52844715 14.22657967 -6.44896936],[15.62312031 17.01780319 -6.91060781]
18:09:53.316143,316143,162.96526806873524,7.2449671763799754,[13.51592827 10.87425613 -6.91802073],[14.52733231 14.22784233 -6.44800472],[15.62548637 17.01704788 -6.9084959 ]
18:09:53.320133,320133,162.9765516878935,2.8279747263817137,[13.51642704 10.87477016 -6.91742229],[14.52809811 14.22751522 -6.44770193],[15.62598896 17.01707077 -6.90800333]
18:09:53.324110,324110,162.90728841399107,17.415960247029457,[13.5167017  10.87477112 -6.9177866 ],[14.52847767 14.22757626 -6.44808674],[15.63305855 17.00898743 -6.90877771]
18:09:53.328133,328133,162.95242276373645,11.21907773934427,[13.51807785 10.87440681 -6.9161644 ],[14.52950478 14.22758579 -6.44712305],[15.62869835 17.01595497 -6.90872574]
18:09:53.332132,332132,163.21172989318615,64.84299311070146,[13.51905155 10.87405586 -6.91572618],[14.52904606 14.22837639 -6.44742632],[15.62314987 17.02373123 -6.89769936]
18:09:53.337105,337105,163.15841903513817,10.720059933235287,[13.51813889 10.87560081 -6.91649055],[14.52881622 14.22947121 -6.44725275],[15.61982441 17.02549171 -6.9006772 ]
18:09:53.341134,341134,163.03726164159806,30.07133123358204,[13.52037621 10.87524319 -6.9132452 ],[14.53054905 14.22805309 -6.44766331],[15.62315273 17.01912308 -6.90924835]
18:09:53.345108,345108,163.10433685497375,16.87851368286054,[13.52403545 10.87452602 -6.90766859],[14.53231335 14.22731113 -6.4464159 ],[15.62057304 17.02176476 -6.90924025]
18:09:53.349158,349158,163.0836112777121,5.117426484359924,[13.52567482 10.87322235 -6.90811014],[14.53404903 14.22576523 -6.44758654],[15.62186337 17.02110672 -6.91252089]
18:09:53.353108,353108,163.02232836682495,15.51466098408703,[13.52379799 10.8736496  -6.91120434],[14.533638   14.22653675 -6.44717932],[15.62298965 17.02227211 -6.91268492]
18:09:53.357107,357107,163.04205396200902,4.932631954006062,[13.52477932 10.87204456 -6.91292191],[14.53260517 14.22742558 -6.44860649],[15.6270771  17.01833916 -6.91003847]
18:09:53.362106,362106,163.09136416988565,9.864014378201615,[13.52321243 10.87423134 -6.91314507],[14.5317297  14.22857761 -6.44938612],[15.62728214 17.0193615  -6.90843105]
18:09:53.366106,366106,163.01898605429588,18.094528897442785,[13.52450657 10.8743782  -6.91131592],[14.5318203  14.22956467 -6.44687605],[15.62553406 17.01947784 -6.9092536 ]
18:09:53.370147,370147,162.94097616832292,19.304599349903622,[13.52398205 10.87434196 -6.91245079],[14.53256607 14.22950172 -6.44495392],[15.62504196 17.0207653  -6.90999126]
18:09:53.374107,374107,162.89076418338547,12.679794176123245,[13.523386   10.87476635 -6.91295481],[14.53296375 14.23004913 -6.44325876],[15.62671661 17.02054596 -6.90901041]
18:09:53.378116,378116,162.8611117555242,7.396464919247966,[13.52300358 10.87602329 -6.91151285],[14.53658295 14.22775173 -6.44072676],[15.62550068 17.02138901 -6.90986872]
18:09:53.382106,382106,162.9442250465999,20.83039876584082,[13.52344322 10.87528515 -6.91162539],[14.53654003 14.22823143 -6.44103479],[15.62828732 17.02055168 -6.90475416]
18:09:53.387136,387136,162.99841319134674,10.772991003346187,[13.52335167 10.87518883 -6.91227674],[14.53288364 14.23105717 -6.44304752],[15.62644196 17.02163124 -6.90327644]
18:09:53.391143,391143,163.08090134298834,20.586012388719368,[13.52444553 10.87500954 -6.9102459 ],[14.533638   14.23068142 -6.44278002],[15.62688541 17.02203751 -6.9000926 ]
18:09:53.395145,395145,163.17878496099755,24.458675164719132,[13.5259428  10.87489605 -6.90751791],[14.5350647  14.23069859 -6.44018221],[15.62888432 17.02525711 -6.89280653]
18:09:53.399141,399141,163.3380291925224,39.85090879000653,[13.52791023 10.87312984 -6.90626097],[14.53504372 14.2305975  -6.44073343],[15.63204765 17.02481461 -6.88474941]
18:09:53.403143,403143,163.60853749348604,67.59327860160592,[13.52804375 10.87447548 -6.90196037],[14.53532982 14.23031235 -6.44086981],[15.62968731 17.02989388 -6.87549543]
18:09:53.407108,407108,163.20570885509298,101.59612569812374,[13.52743053 10.87551594 -6.90242577],[14.53516197 14.23055553 -6.4405756 ],[15.63660526 17.01714706 -6.89231253]
18:09:53.412105,412105,163.32400617034128,23.673667250009743,[13.52841473 10.87487411 -6.90092611],[14.53665066 14.22944736 -6.44078541],[15.6333313  17.02115822 -6.88987684]
18:09:53.416137,416137,163.24262248627423,20.18444545313715,[13.52839279 10.8749485  -6.89958382],[14.53813839 14.22890377 -6.4395895 ],[15.63983917 17.01678085 -6.89165974]
18:09:53.420108,420108,163.0686593814485,43.80838701227169,[13.52789974 10.87528419 -6.90072918],[14.54207039 14.22768497 -6.43064737],[15.63866901 17.02046776 -6.88724566]
18:09:53.424108,424108,163.04905219783518,4.901795903329287,[13.53054428 10.8731966  -6.89841938],[14.54325867 14.22727871 -6.43017912],[15.63191795 17.02504158 -6.89200497]
18:09:53.428108,428108,163.26412635806187,53.768540056672975,[13.53187084 10.87170887 -6.89701796],[14.54155254 14.22903442 -6.43312168],[15.63464546 17.02651215 -6.88503408]
18:09:53.432134,432134,163.1994438523918,16.066196142592577,[13.53159428 10.87209892 -6.89725494],[14.54065323 14.22968674 -6.43528605],[15.63279343 17.02420998 -6.89178228]
18:09:53.437128,437128,163.04506024002467,30.91381905629294,[13.53034115 10.87302876 -6.89711761],[14.54287624 14.22976112 -6.42973042],[15.63659573 17.02271843 -6.8903451 ]
18:09:53.441133,441133,163.05780138162172,3.181308763307638,[13.53199577 10.87188053 -6.89652395],[14.54681683 14.22619152 -6.42997122],[15.63389015 17.02330208 -6.89348078]
18:09:53.445136,445136,163.0207881648477,9.246369416444674,[13.53137398 10.87242889 -6.89787912],[14.54481125 14.22804165 -6.43082285],[15.63346386 17.02470398 -6.89522505]
18:09:53.449138,449138,163.0946137891498,18.447182484287087,[13.532938   10.87260342 -6.89455748],[14.54501915 14.2280159  -6.42941856],[15.63068581 17.02752686 -6.89230442]
18:09:53.453136,453136,163.03417910750565,15.116228525301011,[13.53280926 10.8723774  -6.89573717],[14.54593563 14.2273798  -6.42933702],[15.63637447 17.02349854 -6.89295673]
18:09:53.457107,457107,163.08658728117445,13.197726937495515,[13.53386116 10.87241745 -6.89309168],[14.54654408 14.22799301 -6.42944622],[15.63981533 17.02217674 -6.89136219]
18:09:53.462106,462106,163.23601354949128,29.89123190974798,[13.53387547 10.8761034  -6.88524103],[14.54514599 14.22835159 -6.43154573],[15.63917255 17.02344322 -6.89327621]
18:09:53.466133,466133,163.16276112232174,18.190322118086762,[13.53218555 10.87951183 -6.88323689],[14.54393196 14.23000908 -6.42986155],[15.64096546 17.02147293 -6.89447069]
18:09:53.470132,470132,163.17320535710854,2.6117116246069036,[13.53283215 10.87842655 -6.88348818],[14.54588604 14.22782326 -6.43193769],[15.64470482 17.01709938 -6.89692211]
18:09:53.474106,474106,163.144493936073,7.224816566570854,[13.5346365  10.87641716 -6.88437605],[14.54535866 14.22898006 -6.43085146],[15.64074039 17.01978874 -6.89633512]
18:09:53.478134,478134,163.05717585134792,21.67777674405894,[13.5342083  10.87553024 -6.88790846],[14.54588223 14.22941303 -6.42907858],[15.63818169 17.02308273 -6.89652634]
18:09:53.483108,483108,163.17971438671006,24.63581330159612,[13.53474808 10.87544727 -6.88536882],[14.54736042 14.2288599  -6.42765474],[15.63660526 17.02723122 -6.89126492]
18:09:53.487125,487125,163.20416301231882,6.086289671086755,[13.53569412 10.8743     -6.88618517],[14.54584122 14.23016644 -6.42934656],[15.63544083 17.02941895 -6.8919363 ]
18:09:53.491143,491143,163.24330942805358,9.742761506909591,[13.53348064 10.87719345 -6.88503122],[14.5446949  14.23151684 -6.42888308],[15.63607502 17.02946472 -6.88941813]
18:09:53.495142,495142,163.2074984706291,8.954978100643562,[13.53465176 10.87697411 -6.88413334],[14.54537773 14.2320652  -6.42759705],[15.63446903 17.03082275 -6.89036989]
18:09:53.499144,499144,163.19715785879126,2.5838610289473487,[13.53446865 10.87804413 -6.88329029],[14.54480267 14.23261166 -6.42803383],[15.63326263 17.03126907 -6.89247036]
18:09:53.503156,503156,163.2293345176519,8.020104401952928,[13.53329849 10.87877464 -6.88564205],[14.54425144 14.23331261 -6.42824268],[15.6350565  17.03099442 -6.88847065]
18:09:53.507107,507107,163.30624316728176,19.465616205991196,[13.53399277 10.87838554 -6.88602591],[14.54477978 14.23306465 -6.42895269],[15.63505363 17.03136253 -6.8854003 ]
18:09:53.512106,512106,163.18604132336066,24.045177819785714,[13.53507233 10.87732887 -6.88631773],[14.54463863 14.23366833 -6.42758799],[15.6383667  17.0294342  -6.88768053]
18:09:53.516133,516133,163.19468673885257,2.1468625507604777,[13.53655624 10.87740326 -6.8835187 ],[14.54659367 14.23303509 -6.42663527],[15.64003086 17.02746773 -6.88767004]
18:09:53.520107,520107,163.17723456138245,4.39158970058356,[13.53697205 10.87751484 -6.8832078 ],[14.54775524 14.23299599 -6.42404556],[15.63744068 17.02993965 -6.8856988 ]
18:09:53.524132,524132,163.14837727780505,7.169511447799953,[13.53649426 10.87792206 -6.88381195],[14.54853153 14.23330784 -6.42455339],[15.6371069  17.02976227 -6.88816738]
18:09:53.528132,528132,163.06861688804008,19.9400974412427,[13.53673935 10.87832451 -6.88402033],[14.54870892 14.23340034 -6.42536688],[15.63727093 17.02886391 -6.89367008]
18:09:53.532134,532134,163.1398737240998,17.805306361748485,[13.53711224 10.87873554 -6.88302231],[14.54796124 14.23414803 -6.42626286],[15.6358633  17.03012848 -6.89221525]
18:09:53.537127,537127,163.03861058936988,20.28102037450813,[13.53657436 10.88024712 -6.88254547],[14.54750252 14.23478127 -6.42536306],[15.63547421 17.02928352 -6.8961935 ]
18:09:53.541134,541134,163.1120614333549,18.330632389575435,[13.5359354  10.88162613 -6.88331556],[14.54698849 14.23562717 -6.4269371 ],[15.63677216 17.0294323  -6.89383936]
18:09:53.545133,545133,163.2117824457052,24.93648720937758,[13.5360508  10.88235092 -6.88278675],[14.54782295 14.23552322 -6.42773199],[15.63635063 17.03079796 -6.8910079 ]
18:09:53.549133,549133,163.24209240568314,7.577489994481823,[13.53711605 10.88267612 -6.88136578],[14.54751873 14.23614407 -6.42937374],[15.63857174 17.02989388 -6.892344  ]
18:09:53.553107,553107,163.19309627996526,12.329171041237469,[13.53652477 10.8835516  -6.88234663],[14.54672718 14.23729134 -6.42832756],[15.63814926 17.03067017 -6.89206505]
18:09:53.557107,557107,163.26502719424278,17.982728569378992,[13.53831482 10.88278389 -6.88110828],[14.54726124 14.23662853 -6.42999315],[15.63881588 17.03041458 -6.89196444]
18:09:53.562107,562107,163.26160231710455,0.6849754276458953,[13.53747368 10.88433075 -6.88189268],[14.54598808 14.2383604  -6.42932177],[15.64013672 17.03053284 -6.88915205]
18:09:53.566108,566108,163.43351100199843,42.966429616065646,[13.53783607 10.88394642 -6.8831768 ],[14.54542446 14.2386694  -6.4315505 ],[15.64129639 17.03285027 -6.88248253]
18:09:53.570142,570142,163.2843138673644,36.984911907293544,[13.53707886 10.88441372 -6.88401508],[14.54753876 14.23831272 -6.4291048 ],[15.64334488 17.03067398 -6.88586426]
18:09:53.574143,574143,163.27231519145116,2.998919248499706,[13.53891945 10.88345432 -6.88375521],[14.54942608 14.23784351 -6.42824554],[15.64311695 17.03102493 -6.88585234]
18:09:53.578133,578133,163.17735771585964,23.798866063036012,[13.53956604 10.88276482 -6.88503504],[14.54797459 14.23950481 -6.42758036],[15.63995171 17.03270531 -6.88869476]
18:09:53.582107,582107,163.1562854078146,5.302543544296682,[13.53925133 10.8838644  -6.88465452],[14.54830837 14.23992157 -6.42602396],[15.63950539 17.03445053 -6.88794756]
18:09:53.587129,587129,163.19810120900843,8.326523535209146,[13.53876305 10.88473988 -6.88512373],[14.54870224 14.23974419 -6.42599106],[15.63690186 17.03730774 -6.88672781]
18:09:53.591142,591142,163.2432858115563,11.259557076467244,[13.53988171 10.88350773 -6.88676596],[14.54935074 14.23919773 -6.42723274],[15.63752079 17.03833199 -6.88540077]
18:09:53.595142,595142,163.20799595395007,8.822464401553987,[13.53982067 10.8845005  -6.88632298],[14.55058479 14.23900986 -6.42663288],[15.63897038 17.03697014 -6.88659573]
18:09:53.599108,599108,163.17129479589866,9.253948071461043,[13.54062271 10.8852663  -6.88445091],[14.54968548 14.2407608  -6.42535591],[15.63834381 17.03814888 -6.88726568]
18:09:53.603131,603131,163.14443765896044,6.675897822077722,[13.54082489 10.88518333 -6.885077  ],[14.55037403 14.2406559  -6.42561054],[15.63841057 17.03752136 -6.88882446]
18:09:53.607107,607107,162.92447823576688,55.3217865174944,[13.54174805 10.88504982 -6.88469839],[14.54958057 14.24261093 -6.42209673],[15.64050293 17.0346756  -6.89268827]
18:09:53.612106,612106,163.0336953950587,21.847801418644146,[13.54113483 10.88576221 -6.88541412],[14.55096149 14.24100208 -6.42489958],[15.64198208 17.03459167 -6.89200926]
18:09:53.616164,616164,162.96212725410294,17.636308761889502,[13.54071331 10.88648319 -6.88601494],[14.55224037 14.24079895 -6.42494774],[15.64166069 17.03323174 -6.8960228 ]
18:09:53.620165,620165,163.0449259966889,20.694512018486538,[13.54075527 10.88730907 -6.88550377],[14.55209732 14.24125004 -6.42480326],[15.64332867 17.03405762 -6.8912425 ]
18:09:53.624107,624107,163.06389427392304,4.811841003078913,[13.54111576 10.88751698 -6.88551235],[14.55222225 14.24156284 -6.42515612],[15.64112282 17.03691101 -6.8918891 ]
18:09:53.628165,628165,163.13415781180393,17.314819586222445,[13.54105949 10.89071465 -6.88152742],[14.55274868 14.24192715 -6.42399025],[15.64015675 17.03936386 -6.89010668]
18:09:53.632110,632110,163.19800599453947,16.184583709896224,[13.53942013 10.89396    -6.88162756],[14.552701   14.242939   -6.42311764],[15.63712883 17.04366112 -6.88656235]
18:09:53.637113,637113,163.22654509163146,5.704396780330487,[13.53953075 10.89673901 -6.87952995],[14.55320263 14.24272919 -6.42435598],[15.63708019 17.04390335 -6.8892951 ]
18:09:53.641144,641144,163.190417354776,8.962475032364784,[13.53862    10.8967104  -6.87957239],[14.55245113 14.2440033  -6.42306995],[15.63917446 17.04277039 -6.887815  ]
18:09:53.645143,645143,163.29566827123628,26.31930894230512,[13.54082584 10.89586258 -6.8789072 ],[14.55183029 14.24484921 -6.42300367],[15.63763142 17.04617691 -6.88255596]
18:09:53.649106,649106,163.25583021167552,10.052500520001212,[13.54173756 10.89383316 -6.88200569],[14.55216694 14.24534225 -6.42350817],[15.63670349 17.04676247 -6.88326406]
18:09:53.653140,653140,163.30173367973757,11.379144289055645,[13.54291725 10.89348412 -6.88095713],[14.55313015 14.24505997 -6.42302275],[15.6382761  17.04763412 -6.8808136 ]
18:09:53.657107,657107,163.34216843567734,10.192779415117379,[13.54522228 10.89190197 -6.87981796],[14.55264854 14.24545002 -6.42363548],[15.63828182 17.04817772 -6.87997055]
18:09:53.662130,662130,163.23559867635367,21.21635662426082,[13.54506302 10.8909359  -6.88174868],[14.55271149 14.24600315 -6.4238863 ],[15.63651085 17.04850388 -6.88514614]
18:09:53.666108,666108,163.19135371136707,11.122414526546875,[13.54417324 10.89202499 -6.88314438],[14.55359364 14.24656296 -6.42179489],[15.64136219 17.04672623 -6.88156652]
18:09:53.670107,670107,163.32216086560348,32.70996605061454,[13.54371643 10.89286613 -6.88381243],[14.5548048  14.24515152 -6.4243331 ],[15.6408205  17.04786873 -6.87976646]
18:09:53.674133,674133,163.42946003780807,26.651557924637675,[13.5438509  10.89308357 -6.88393736],[14.55369091 14.24575615 -6.42632246],[15.63955879 17.04937172 -6.87732792]
18:09:53.678109,678109,163.42657319871552,0.7260661701594133,[13.54301548 10.89467335 -6.88364363],[14.5533514  14.24669075 -6.42677832],[15.64299583 17.04727554 -6.87717247]
18:09:53.682107,682107,163.3451726931817,20.36030653672371,[13.54213333 10.8958931  -6.88288736],[14.55220509 14.24831772 -6.42605019],[15.64555073 17.0456028  -6.87935114]
18:09:53.687124,687124,163.40350895068957,11.627717262881243,[13.54196453 10.8964119  -6.88293171],[14.55128002 14.24915028 -6.42773867],[15.64431    17.04690552 -6.87919331]
18:09:53.691144,691144,163.43296451116456,7.327253849499002,[13.54266739 10.89681911 -6.88213873],[14.55280972 14.24908066 -6.42527819],[15.64639282 17.04710007 -6.87380362]
18:09:53.695106,695106,163.456290253731,5.8873656149525315,[13.54171085 10.89765358 -6.88250256],[14.55202198 14.25008869 -6.42566586],[15.64950275 17.04481506 -6.87129021]
18:09:53.699131,699131,163.342976219734,28.15255503031051,[13.54260826 10.89715385 -6.88244629],[14.55223465 14.25033283 -6.42664337],[15.65063572 17.04078674 -6.87805128]
18:09:53.703133,703133,163.28321895383138,14.931850550379416,[13.54227638 10.89780807 -6.88219643],[14.55381393 14.24969769 -6.42676401],[15.64815044 17.04201126 -6.88366652]
18:09:53.707135,707135,163.14735976075804,33.9478243561579,[13.54035282 10.89977551 -6.88321877],[14.55380821 14.25033283 -6.42538548],[15.64595413 17.04288483 -6.88877439]
18:09:53.712106,712106,163.1767173724257,5.905775833369035,[13.54067612 10.89985657 -6.88358974],[14.55473709 14.25015259 -6.42442846],[15.64491272 17.04473305 -6.88609552]
18:09:53.716154,716154,163.07596922601613,24.88837608932462,[13.54166603 10.89884758 -6.88409948],[14.55639935 14.24952221 -6.42362976],[15.64591408 17.04327202 -6.88989115]
18:09:53.720107,720107,163.15686809994332,20.46518439848134,[13.54110146 10.89954281 -6.88458157],[14.5562067  14.24933243 -6.4246335 ],[15.64520073 17.04527283 -6.88755178]
18:09:53.724133,724133,163.15674862510707,0.02967581625773229,[13.54068089 10.90059471 -6.88371038],[14.55562305 14.25056648 -6.42304802],[15.64537144 17.0464344  -6.88515091]
18:09:53.728108,728108,163.16123844205072,1.1295136965148362,[13.54168892 10.90046692 -6.88240385],[14.55753136 14.24983501 -6.42086935],[15.64394283 17.04802895 -6.88341236]
18:09:53.732136,732136,163.1188786586876,10.516331520136701,[13.54214954 10.90048218 -6.88144207],[14.55633926 14.25132751 -6.42071676],[15.64610195 17.04628944 -6.88448429]
18:09:53.737136,737136,163.09080766292487,5.614199152546462,[13.54194069 10.90156364 -6.8799839 ],[14.55696583 14.25043201 -6.42237711],[15.64475632 17.04554558 -6.89096928]
18:09:53.741106,741106,163.0994995996916,2.1894047271343906,[13.54358768 10.90073204 -6.87932062],[14.55705547 14.25088406 -6.422328  ],[15.64819336 17.04352188 -6.88932323]
18:09:53.745146,745146,163.02253227589438,19.05131777158909,[13.54277515 10.90113354 -6.88143015],[14.55665684 14.25130272 -6.42043972],[15.64787292 17.04299355 -6.88812637]
18:09:53.749108,749108,163.08271191347637,15.189206860675377,[13.54179192 10.90260601 -6.88020754],[14.55683327 14.25102043 -6.421134  ],[15.6523819  17.04079437 -6.88599396]
18:09:53.753108,753108,163.10482787915208,5.528991418927376,[13.54423809 10.9009552  -6.87907982],[14.55578136 14.25214863 -6.42192554],[15.65121651 17.04216957 -6.88645554]
18:09:53.757108,757108,163.16891610782025,16.022057167042192,[13.54418564 10.90120125 -6.87949371],[14.55592346 14.25219345 -6.42245865],[15.65328312 17.04236031 -6.88318586]
18:09:53.762126,762126,163.16042900406578,1.6913319558540876,[13.54427433 10.90112686 -6.87994719],[14.55493069 14.25394917 -6.42171335],[15.65360546 17.0436306  -6.88123798]
18:09:53.766134,766134,163.15714210224115,0.8200852855846059,[13.54449368 10.90184402 -6.87853146],[14.5538044  14.25535679 -6.42228127],[15.65105534 17.04421616 -6.88345766]
18:09:53.770133,770133,163.25008382478234,23.24124094553237,[13.54487991 10.90174007 -6.87811899],[14.55385208 14.25540924 -6.42366791],[15.6476059  17.04758835 -6.88272047]
18:09:53.774108,774108,163.34665245570312,24.29399520019758,[13.54452896 10.90224075 -6.87806225],[14.55377102 14.25515842 -6.42569304],[15.64593029 17.04970932 -6.88213873]
18:09:53.778136,778136,163.39008638714483,10.783001847495429,[13.54409885 10.9022646  -6.87936926],[14.55404186 14.25508213 -6.42702389],[15.64701939 17.04974937 -6.88110638]
18:09:53.782133,782133,163.21468342752092,43.88365264546142,[13.54400444 10.90206528 -6.88008308],[14.55481243 14.25523472 -6.42426968],[15.64810848 17.04834747 -6.88493395]
18:09:53.787137,787137,163.22373009639114,1.8078874640711862,[13.54339218 10.90337181 -6.87879276],[14.55324841 14.25710392 -6.4238143 ],[15.64832306 17.04834366 -6.88360357]
18:09:53.791145,791145,163.3059662470672,20.518001665685418,[13.54288292 10.90348911 -6.87950134],[14.5542841  14.25610542 -6.42537308],[15.64706516 17.04995728 -6.88283682]
18:09:53.795108,795108,163.31611621312658,2.5611824525291764,[13.54236507 10.90472221 -6.87798452],[14.55151463 14.25837231 -6.42486382],[15.64640522 17.05134201 -6.88137579]
18:09:53.799143,799143,163.2102611992673,26.234204178257574,[13.54203701 10.90549946 -6.87730694],[14.55214119 14.25868511 -6.42255831],[15.64642715 17.05058098 -6.88368082]
18:09:53.803108,803108,163.213808293791,0.8946013931139003,[13.54240608 10.90597916 -6.8772707 ],[14.55369949 14.25671196 -6.42291403],[15.64513779 17.0503273  -6.88544512]
18:09:53.807146,807146,163.27859358176573,16.043904897159248,[13.54286861 10.9052496  -6.8778863 ],[14.5533123  14.25673771 -6.42386818],[15.64623928 17.05023766 -6.88253546]
18:09:53.812106,812106,163.26580127225733,2.5790946589513313,[13.5437336  10.90416336 -6.87864017],[14.55340004 14.25730896 -6.42236423],[15.6492157  17.04942322 -6.87867212]
18:09:53.816141,816141,163.16243431167936,25.617586264677104,[13.54392242 10.90447617 -6.87849903],[14.55324173 14.25797558 -6.42168236],[15.64853764 17.04912186 -6.88308001]
18:09:53.820142,820142,163.08633045585054,19.021208655041033,[13.54255009 10.90470886 -6.88044119],[14.55333138 14.25869274 -6.41938448],[15.64628315 17.0523243  -6.88290644]
18:09:53.824107,824107,163.15959556237576,18.47795877054547,[13.54334641 10.90422726 -6.8801074 ],[14.55629921 14.25570011 -6.42008495],[15.64508438 17.05340958 -6.88276768]
18:09:53.828106,828106,163.1439776298297,3.9054595013913826,[13.54383659 10.90493298 -6.87759399],[14.5580883  14.25494576 -6.41870356],[15.64557743 17.05253983 -6.88374519]
18:09:53.833108,833108,163.15639947846796,2.4833763771029154,[13.54356956 10.90465069 -6.87848234],[14.55969429 14.25354481 -6.41924906],[15.64425182 17.05442429 -6.88511229]
18:09:53.837106,837106,163.16440117741476,2.0014254494245254,[13.54343414 10.90423584 -6.87931013],[14.55952072 14.25372314 -6.42062664],[15.64507961 17.05345726 -6.88606358]
18:09:53.841143,841143,163.14788344357285,4.091586287319412,[13.54296398 10.9052639  -6.8784461 ],[14.55875397 14.25489902 -6.42047358],[15.64457893 17.05297852 -6.88691902]
18:09:53.845141,845141,163.27584616743422,32.00668430749694,[13.54240322 10.90529251 -6.87965155],[14.55673218 14.25532818 -6.42251682],[15.64486504 17.05464935 -6.88205385]
18:09:53.849133,849133,163.20407430321052,17.978923903733957,[13.54213524 10.90606117 -6.87849712],[14.55529594 14.25683308 -6.42119026],[15.64538956 17.05396652 -6.88336039]
18:09:53.853143,853143,163.14357238778678,15.087759457292396,[13.54265404 10.90536785 -6.87794065],[14.55521297 14.25736237 -6.419065  ],[15.64496136 17.05458641 -6.88323069]
18:09:53.857135,857135,163.13020683945356,3.34808324980261,[13.54277039 10.90495396 -6.87854385],[14.55649853 14.25667    -6.41801119],[15.6456728  17.05362511 -6.88183689]
18:09:53.862106,862106,163.2921744996222,32.58251059518048,[13.5428009  10.90524387 -6.87885475],[14.55729198 14.25525379 -6.41996288],[15.64993286 17.051754   -6.87549973]
18:09:53.866132,866132,163.20814158817717,20.872556245662086,[13.54314709 10.90488148 -6.87920713],[14.55660439 14.25549126 -6.42067623],[15.64967823 17.05028534 -6.88044167]
18:09:53.870133,870133,163.07851685050534,32.398084896733984,[13.54323292 10.9038372  -6.88029623],[14.55698681 14.25529671 -6.41967964],[15.64939785 17.04835701 -6.88468361]
18:09:53.874137,874137,162.9990321917347,19.851313379280423,[13.5440197  10.90366268 -6.87907839],[14.55698872 14.25576782 -6.41734219],[15.65139294 17.04755211 -6.88489103]
18:09:53.878136,878136,162.9497761973008,12.317077877946081,[13.54460907 10.90365219 -6.87792683],[14.55916691 14.25473213 -6.41664553],[15.65111542 17.04636192 -6.88817644]
18:09:53.882106,882106,163.02317808813302,18.489141267564186,[13.54478931 10.90369034 -6.87747622],[14.55877495 14.25534821 -6.41590834],[15.65198994 17.04725647 -6.88278913]
18:09:53.887127,887127,162.96212266902342,12.160011772477016,[13.5444622 10.9052496 -6.8754611],[14.55866241 14.25665665 -6.41253281],[15.64831352 17.05082893 -6.88296938]
18:09:53.891134,891134,163.0058346050542,10.90889344416639,[13.54427528 10.90684414 -6.87361526],[14.55876541 14.25619125 -6.41408443],[15.64901447 17.04911804 -6.88458776]
18:09:53.895107,895107,163.19536213573602,47.70388388669246,[13.54516029 10.90803242 -6.86676598],[14.55801296 14.25564575 -6.41666317],[15.64894962 17.04821396 -6.88404083]
18:09:53.899106,899106,163.19386592835326,0.3741453820349025,[13.54815578 10.90399551 -6.86911058],[14.55918884 14.25500584 -6.41565323],[15.65299416 17.04679298 -6.87905502]
18:09:53.903131,903131,163.1929049491223,0.2387526039670797,[13.54547215 10.90561008 -6.87055874],[14.55888939 14.25513363 -6.41655254],[15.65364838 17.04515266 -6.87948036]
18:09:53.908108,908108,163.11276854542416,16.101346935530245,[13.54540157 10.90420914 -6.87456083],[14.55888748 14.25521469 -6.41575003],[15.65413475 17.04491997 -6.87888813]
18:09:53.912105,912105,163.06201588950486,12.697687245258141,[13.54876614 10.90036392 -6.87509441],[14.55831242 14.25586128 -6.41518068],[15.65254116 17.04656029 -6.8797617 ]
18:09:53.916132,916132,162.99777115984756,15.953496314205085,[13.548666   10.90009499 -6.877141  ],[14.55694962 14.25729752 -6.41365528],[15.64934158 17.04914093 -6.87914228]
18:09:53.920135,920135,163.06696698203774,17.28599105425466,[13.5459156  10.90386868 -6.87422848],[14.55440044 14.26001263 -6.41377068],[15.64631462 17.05177498 -6.87810516]
18:09:53.924108,924108,163.04542146097876,5.422985416305646,[13.5473299  10.90367603 -6.87225056],[14.55394077 14.26046276 -6.41307259],[15.6449213  17.05237579 -6.8794651 ]
18:09:53.928132,928132,163.06352537973194,4.4989857736540095,[13.54703999 10.90298271 -6.87374449],[14.55394554 14.26025867 -6.41405296],[15.64888    17.04934692 -6.87752485]
18:09:53.932132,932132,163.00481118492993,14.678548700501892,[13.5502882  10.90034962 -6.87372875],[14.55315304 14.26155186 -6.4146347 ],[15.65271282 17.04636383 -6.87877321]
18:09:53.937107,937107,162.8962050475933,21.83037936414799,[13.54956532 10.90172863 -6.87331676],[14.55523586 14.26129627 -6.41068602],[15.65227127 17.04675674 -6.87932301]
18:09:53.941134,941134,162.78626281877243,27.301273608361065,[13.55020523 10.90122223 -6.87295198],[14.55569935 14.26161289 -6.40893221],[15.65347004 17.04614067 -6.882092  ]
18:09:53.945133,945133,162.88879549024477,25.639577762527193,[13.54969597 10.90344238 -6.87044096],[14.55680466 14.26066685 -6.40983582],[15.65353012 17.04656601 -6.88112402]
18:09:53.949134,949134,162.86484461516483,5.9862222144332184,[13.54983997 10.90329552 -6.87027597],[14.55795193 14.26019287 -6.40746117],[15.64985943 17.04991913 -6.88044643]
18:09:53.953133,953133,162.8252878737937,9.891658257343053,[13.55006027 10.9037056  -6.86918879],[14.56086826 14.25812721 -6.40610266],[15.64809322 17.05118561 -6.88346338]
18:09:53.957108,957108,163.09776073256936,68.54663113852656,[13.55190659 10.90422058 -6.86542845],[14.55945683 14.25873947 -6.41071081],[15.64666748 17.05420876 -6.87988138]
18:09:53.962106,962106,163.18020248592222,16.494948650033496,[13.55075264 10.90502453 -6.86627817],[14.56058216 14.25863171 -6.4114337 ],[15.64691162 17.05468369 -6.87679815]
18:09:53.966107,966107,163.0808679353186,24.82743079320899,[13.55006409 10.90541172 -6.86838531],[14.56181812 14.25779152 -6.4096818 ],[15.64784241 17.05550003 -6.87816381]
18:09:53.970137,970137,163.12950394789755,12.068489473685638,[13.55074787 10.9051466  -6.86933231],[14.56323624 14.25757408 -6.40964222],[15.64806652 17.05762672 -6.8755703 ]
18:09:53.974108,974108,163.2018025404014,18.206646311720355,[13.55112457 10.90496826 -6.86916733],[14.56268311 14.25759888 -6.4109993 ],[15.65051365 17.05569649 -6.8729043 ]
18:09:53.978107,978107,163.2363442275004,8.637581170048026,[13.55161572 10.90493488 -6.86884594],[14.56333065 14.25785446 -6.41020441],[15.65103436 17.05606842 -6.86988544]
18:09:53.982132,982132,163.16601686792902,17.47263591835871,[13.55176163 10.90500069 -6.86837292],[14.56311417 14.25865459 -6.40937328],[15.6526413  17.0547924  -6.87170696]
18:09:53.987126,987126,163.2383244456247,14.478890207385232,[13.55208015 10.90480804 -6.86866665],[14.56322861 14.25914192 -6.40884972],[15.64977837 17.05937576 -6.86804247]
18:09:53.991134,991134,163.30733768389447,17.21887182379627,[13.55203724 10.90620232 -6.86686802],[14.56303883 14.25935745 -6.40963554],[15.6480751  17.06070709 -6.86771393]
18:09:53.995105,995105,163.40934654872885,25.688457525654606,[13.55047894 10.90736866 -6.86826801],[14.56252861 14.25996399 -6.4111681 ],[15.64580154 17.06341171 -6.86480093]
18:09:53.999135,999135,163.54403137143078,33.42055153893994,[13.55139256 10.90762424 -6.86636496],[14.56191826 14.25988007 -6.41307783],[15.64808846 17.06285858 -6.86138868]
18:09:54.003132,003132,163.39547175615212,0.14915579097518483,[13.55039787 10.90739441 -6.86914968],[14.56261158 14.25999165 -6.41168404],[15.65251923 17.05998039 -6.86361456]
18:09:54.007147,007147,163.27407785121977,30.235094628230918,[13.55100536 10.90714836 -6.86856079],[14.56207848 14.26062298 -6.41163492],[15.65498161 17.05701256 -6.86900711]
18:09:54.012137,012137,163.2605937879838,2.7022170813583735,[13.55111504 10.90758228 -6.86793804],[14.56200886 14.2606554  -6.41311073],[15.65565968 17.05548668 -6.87243652]
18:09:54.016142,016142,163.32481298488167,16.034755779745492,[13.55026054 10.90891647 -6.86723995],[14.56042576 14.26291752 -6.41391802],[15.65473747 17.05639267 -6.87031412]
18:09:54.020108,020108,163.25550506976663,17.475520704752164,[13.5503521  10.908988   -6.86704636],[14.5592289  14.26382256 -6.41281319],[15.65424919 17.05724144 -6.87179852]
18:09:54.024108,024108,163.18252234108556,18.24568217026723,[13.55022335 10.90953445 -6.86605263],[14.55736256 14.26644802 -6.41009951],[15.65632915 17.05714035 -6.8697052 ]
18:09:54.028143,028143,163.10326677872544,19.642022889744098,[13.55152702 10.90820408 -6.86639214],[14.56013107 14.26460171 -6.40912104],[15.6555872  17.05706787 -6.87363195]
18:09:54.032113,032113,163.17217721210505,17.35779178327803,[13.55163383 10.90887165 -6.86542845],[14.56233215 14.26231575 -6.41246462],[15.65292358 17.05698967 -6.87889719]
18:09:54.037137,037137,163.10438888012592,13.492900473553064,[13.55114555 10.90937614 -6.86637259],[14.56042385 14.26440811 -6.41146564],[15.65371132 17.05662537 -6.87849236]
18:09:54.041143,041143,163.11576379907868,2.8394705323898872,[13.54998779 10.91061115 -6.86705446],[14.56047153 14.26470566 -6.41138172],[15.65091705 17.05949211 -6.87864494]
18:09:54.045108,045108,162.96183226308713,38.82258158677082,[13.54923153 10.91076183 -6.8687644 ],[14.55867004 14.2662859  -6.41141701],[15.65132427 17.05825996 -6.8844223 ]
18:09:54.049106,049106,163.01548285070723,13.419356583316075,[13.54909134 10.91142273 -6.86824751],[14.55793858 14.26722717 -6.41125965],[15.65480423 17.05748749 -6.88009834]
18:09:54.053156,053156,162.99705164179926,4.5509157797455995,[13.54924965 10.9115715  -6.86798096],[14.55604553 14.26910591 -6.41110945],[15.66025925 17.05450058 -6.87767696]
